Number of nodes 621 
     0 :  0.0000000e+00  1.0000000e+00 
     1 :  0.0000000e+00  0.0000000e+00 
     2 :  1.0000000e+00  1.0000000e+00 
     3 :  1.0000000e+00  7.5000000e-01 
     4 :  5.0000000e-01  7.5000000e-01 
     5 :  5.0000000e-01  2.5000000e-01 
     6 :  1.0000000e+00  2.5000000e-01 
     7 :  1.0000000e+00  0.0000000e+00 
     8 :  0.0000000e+00  9.6428571e-01 
     9 :  0.0000000e+00  3.5714286e-02 
    10 :  0.0000000e+00  1.0714286e-01 
    11 :  0.0000000e+00  1.7857143e-01 
    12 :  0.0000000e+00  2.5000000e-01 
    13 :  0.0000000e+00  3.2142857e-01 
    14 :  0.0000000e+00  3.9285714e-01 
    15 :  0.0000000e+00  4.6428571e-01 
    16 :  0.0000000e+00  5.3571429e-01 
    17 :  0.0000000e+00  6.0714286e-01 
    18 :  0.0000000e+00  6.7857143e-01 
    19 :  0.0000000e+00  7.5000000e-01 
    20 :  0.0000000e+00  8.2142857e-01 
    21 :  0.0000000e+00  8.9285714e-01 
    22 :  0.0000000e+00  9.2857143e-01 
    23 :  0.0000000e+00  8.5714286e-01 
    24 :  0.0000000e+00  7.8571429e-01 
    25 :  0.0000000e+00  7.1428571e-01 
    26 :  0.0000000e+00  6.4285714e-01 
    27 :  0.0000000e+00  5.7142857e-01 
    28 :  0.0000000e+00  5.0000000e-01 
    29 :  0.0000000e+00  4.2857143e-01 
    30 :  0.0000000e+00  3.5714286e-01 
    31 :  0.0000000e+00  2.8571429e-01 
    32 :  0.0000000e+00  2.1428571e-01 
    33 :  0.0000000e+00  1.4285714e-01 
    34 :  0.0000000e+00  7.1428571e-02 
    35 :  9.6428571e-01  1.0000000e+00 
    36 :  3.5714286e-02  1.0000000e+00 
    37 :  1.0714286e-01  1.0000000e+00 
    38 :  1.7857143e-01  1.0000000e+00 
    39 :  2.5000000e-01  1.0000000e+00 
    40 :  3.2142857e-01  1.0000000e+00 
    41 :  3.9285714e-01  1.0000000e+00 
    42 :  4.6428571e-01  1.0000000e+00 
    43 :  5.3571429e-01  1.0000000e+00 
    44 :  6.0714286e-01  1.0000000e+00 
    45 :  6.7857143e-01  1.0000000e+00 
    46 :  7.5000000e-01  1.0000000e+00 
    47 :  8.2142857e-01  1.0000000e+00 
    48 :  8.9285714e-01  1.0000000e+00 
    49 :  9.2857143e-01  1.0000000e+00 
    50 :  8.5714286e-01  1.0000000e+00 
    51 :  7.8571429e-01  1.0000000e+00 
    52 :  7.1428571e-01  1.0000000e+00 
    53 :  6.4285714e-01  1.0000000e+00 
    54 :  5.7142857e-01  1.0000000e+00 
    55 :  5.0000000e-01  1.0000000e+00 
    56 :  4.2857143e-01  1.0000000e+00 
    57 :  3.5714286e-01  1.0000000e+00 
    58 :  2.8571429e-01  1.0000000e+00 
    59 :  2.1428571e-01  1.0000000e+00 
    60 :  1.4285714e-01  1.0000000e+00 
    61 :  7.1428571e-02  1.0000000e+00 
    62 :  1.0000000e+00  7.8125000e-01 
    63 :  1.0000000e+00  8.4375000e-01 
    64 :  1.0000000e+00  9.0625000e-01 
    65 :  1.0000000e+00  9.6875000e-01 
    66 :  1.0000000e+00  8.1250000e-01 
    67 :  1.0000000e+00  8.7500000e-01 
    68 :  1.0000000e+00  9.3750000e-01 
    69 :  9.6428571e-01  7.5000000e-01 
    70 :  8.9285714e-01  7.5000000e-01 
    71 :  8.2142857e-01  7.5000000e-01 
    72 :  7.5000000e-01  7.5000000e-01 
    73 :  6.7857143e-01  7.5000000e-01 
    74 :  6.0714286e-01  7.5000000e-01 
    75 :  5.3571429e-01  7.5000000e-01 
    76 :  9.2857143e-01  7.5000000e-01 
    77 :  8.5714286e-01  7.5000000e-01 
    78 :  7.8571429e-01  7.5000000e-01 
    79 :  7.1428571e-01  7.5000000e-01 
    80 :  6.4285714e-01  7.5000000e-01 
    81 :  5.7142857e-01  7.5000000e-01 
    82 :  4.6442129e-01  7.4745536e-01 
    83 :  4.6442129e-01  2.5254464e-01 
    84 :  3.9614625e-01  2.7259200e-01 
    85 :  3.3628482e-01  3.1106261e-01 
    86 :  2.8968662e-01  3.6483980e-01 
    87 :  2.6012676e-01  4.2956686e-01 
    88 :  2.5000000e-01  5.0000000e-01 
    89 :  2.6012676e-01  5.7043314e-01 
    90 :  2.8968662e-01  6.3516020e-01 
    91 :  3.3628482e-01  6.8893739e-01 
    92 :  3.9614625e-01  7.2740800e-01 
    93 :  4.2956686e-01  7.3987324e-01 
    94 :  3.6483980e-01  7.1031338e-01 
    95 :  3.1106261e-01  6.6371518e-01 
    96 :  2.7259200e-01  6.0385375e-01 
    97 :  2.5254464e-01  5.3557871e-01 
    98 :  2.5254464e-01  4.6442129e-01 
    99 :  2.7259200e-01  3.9614625e-01 
   100 :  3.1106261e-01  3.3628482e-01 
   101 :  3.6483980e-01  2.8968662e-01 
   102 :  4.2956686e-01  2.6012676e-01 
   103 :  5.3571429e-01  2.5000000e-01 
   104 :  6.0714286e-01  2.5000000e-01 
   105 :  6.7857143e-01  2.5000000e-01 
   106 :  7.5000000e-01  2.5000000e-01 
   107 :  8.2142857e-01  2.5000000e-01 
   108 :  8.9285714e-01  2.5000000e-01 
   109 :  9.6428571e-01  2.5000000e-01 
   110 :  5.7142857e-01  2.5000000e-01 
   111 :  6.4285714e-01  2.5000000e-01 
   112 :  7.1428571e-01  2.5000000e-01 
   113 :  7.8571429e-01  2.5000000e-01 
   114 :  8.5714286e-01  2.5000000e-01 
   115 :  9.2857143e-01  2.5000000e-01 
   116 :  1.0000000e+00  3.1250000e-02 
   117 :  1.0000000e+00  9.3750000e-02 
   118 :  1.0000000e+00  1.5625000e-01 
   119 :  1.0000000e+00  2.1875000e-01 
   120 :  1.0000000e+00  6.2500000e-02 
   121 :  1.0000000e+00  1.2500000e-01 
   122 :  1.0000000e+00  1.8750000e-01 
   123 :  3.5714286e-02  0.0000000e+00 
   124 :  9.6428571e-01  0.0000000e+00 
   125 :  8.9285714e-01  0.0000000e+00 
   126 :  8.2142857e-01  0.0000000e+00 
   127 :  7.5000000e-01  0.0000000e+00 
   128 :  6.7857143e-01  0.0000000e+00 
   129 :  6.0714286e-01  0.0000000e+00 
   130 :  5.3571429e-01  0.0000000e+00 
   131 :  4.6428571e-01  0.0000000e+00 
   132 :  3.9285714e-01  0.0000000e+00 
   133 :  3.2142857e-01  0.0000000e+00 
   134 :  2.5000000e-01  0.0000000e+00 
   135 :  1.7857143e-01  0.0000000e+00 
   136 :  1.0714286e-01  0.0000000e+00 
   137 :  7.1428571e-02  0.0000000e+00 
   138 :  1.4285714e-01  0.0000000e+00 
   139 :  2.1428571e-01  0.0000000e+00 
   140 :  2.8571429e-01  0.0000000e+00 
   141 :  3.5714286e-01  0.0000000e+00 
   142 :  4.2857143e-01  0.0000000e+00 
   143 :  5.0000000e-01  0.0000000e+00 
   144 :  5.7142857e-01  0.0000000e+00 
   145 :  6.4285714e-01  0.0000000e+00 
   146 :  7.1428571e-01  0.0000000e+00 
   147 :  7.8571429e-01  0.0000000e+00 
   148 :  8.5714286e-01  0.0000000e+00 
   149 :  9.2857143e-01  0.0000000e+00 
   150 :  3.5673151e-01  2.1623146e-01 
   151 :  2.4073775e-01  2.3940283e-01 
   152 :  3.3339257e-01  9.0840534e-01 
   153 :  2.2812826e-01  8.6579422e-01 
   154 :  3.1856749e-02  4.5725118e-01 
   155 :  2.6822290e-02  3.2238040e-01 
   156 :  7.8479951e-02  3.2986914e-01 
   157 :  6.8115732e-02  5.6204688e-01 
   158 :  5.0282239e-01  9.4115852e-01 
   159 :  8.2151232e-01  9.0641833e-01 
   160 :  5.0469482e-01  8.8268250e-01 
   161 :  8.9289246e-01  8.7507112e-01 
   162 :  3.5673123e-01  3.5483203e-02 
   163 :  7.0038014e-02  7.3455003e-02 
   164 :  6.7854761e-01  1.2549924e-01 
   165 :  1.0243739e-01  3.4590329e-01 
   166 :  1.8416705e-01  3.3000019e-01 
   167 :  9.6461169e-02  4.4083904e-01 
   168 :  8.5714176e-01  3.1270084e-02 
   169 :  7.4999034e-01  9.3938305e-02 
   170 :  1.0622810e-01  3.7143164e-02 
   171 :  7.8571150e-01  3.1299680e-02 
   172 :  8.2142447e-01  1.2508368e-01 
   173 :  3.9997136e-01  7.7975152e-01 
   174 :  3.5058012e-01  7.3203537e-01 
   175 :  1.9558065e-01  7.8989256e-01 
   176 :  3.5941005e-01  7.9473819e-01 
   177 :  2.0776968e-01  3.8239917e-01 
   178 :  1.9741377e-01  5.4353022e-01 
   179 :  1.4827474e-01  6.6859445e-01 
   180 :  1.9530448e-01  4.6630222e-01 
   181 :  7.8570931e-01  6.2592090e-02 
   182 :  6.0709922e-01  6.3302589e-02 
   183 :  6.4368060e-01  8.7667764e-01 
   184 :  7.1441725e-01  7.8154184e-01 
   185 :  7.8581418e-01  8.1270939e-01 
   186 :  8.9288220e-01  9.3754995e-01 
   187 :  8.5718318e-01  8.1258289e-01 
   188 :  6.7894260e-01  9.3821116e-01 
   189 :  7.1452641e-01  9.3797020e-01 
   190 :  6.7906554e-01  8.4480479e-01 
   191 :  6.0841757e-01  8.7756518e-01 
   192 :  2.3756301e-01  7.9545834e-01 
   193 :  1.7147550e-01  5.8623714e-01 
   194 :  7.1692438e-02  6.3647190e-01 
   195 :  7.5068049e-02  7.1118571e-01 
   196 :  2.5769265e-01  3.4820129e-01 
   197 :  5.7220560e-01  7.8374190e-01 
   198 :  9.2857066e-01  1.2501858e-01 
   199 :  2.0622367e-01  1.9471310e-01 
   200 :  6.9154408e-02  1.1030475e-01 
   201 :  3.1938827e-01  1.4718510e-01 
   202 :  5.3558154e-01  9.6236181e-02 
   203 :  6.4282041e-01  1.2577736e-01 
   204 :  4.3372436e-01  9.4177308e-01 
   205 :  4.3863950e-01  8.8527153e-01 
   206 :  5.4910440e-02  3.7989637e-01 
   207 :  5.0392088e-01  8.2395770e-01 
   208 :  1.0236966e-01  1.4947719e-01 
   209 :  3.4536588e-02  1.0872499e-01 
   210 :  8.9285601e-01  6.2522890e-02 
   211 :  4.6404145e-01  6.6241392e-02 
   212 :  4.4254552e-01  7.9388258e-01 
   213 :  4.6400158e-01  1.6362467e-01 
   214 :  9.6428552e-01  1.8750598e-01 
   215 :  3.9256950e-01  3.4641493e-02 
   216 :  2.4968979e-01  7.1022486e-01 
   217 :  1.9277125e-01  8.2688981e-01 
   218 :  6.7877653e-01  7.8172479e-01 
   219 :  5.7318766e-01  9.0937032e-01 
   220 :  8.5716457e-01  7.8129500e-01 
   221 :  1.6983117e-01  1.9310604e-01 
   222 :  7.1427023e-01  1.2532034e-01 
   223 :  7.6167217e-02  7.8536164e-01 
   224 :  2.6593346e-01  8.6995643e-01 
   225 :  5.7134323e-01  9.5395762e-02 
   226 :  1.7267205e-01  1.5302218e-01 
   227 :  4.9979408e-01  9.7446194e-02 
   228 :  6.4282479e-01  1.5698721e-01 
   229 :  1.7820823e-01  6.2505386e-01 
   230 :  9.2857068e-01  9.3767151e-02 
   231 :  3.9269014e-01  2.0705277e-01 
   232 :  3.7826609e-02  7.4915125e-01 
   233 :  3.6824736e-01  9.1081872e-01 
   234 :  2.2069309e-01  9.3320368e-01 
   235 :  4.4265415e-01  8.3335171e-01 
   236 :  1.6676292e-01  5.4787265e-01 
   237 :  1.3831707e-01  5.9077931e-01 
   238 :  1.3047580e-01  4.3093879e-01 
   239 :  8.2142465e-01  9.3827041e-02 
   240 :  2.8695807e-01  7.7136158e-01 
   241 :  1.8676557e-01  8.9736691e-01 
   242 :  6.7855601e-01  1.8786484e-01 
   243 :  2.4336385e-01  7.5684199e-01 
   244 :  8.9285573e-01  9.3779923e-02 
   245 :  6.4284135e-01  3.1531402e-02 
   246 :  3.5603991e-01  1.0680343e-01 
   247 :  4.9988307e-01  1.9167032e-01 
   248 :  7.3419012e-02  9.2927091e-01 
   249 :  4.1368852e-01  8.3191751e-01 
   250 :  8.6640950e-02  2.9876320e-01 
   251 :  5.7289456e-01  8.1635561e-01 
   252 :  8.2149271e-01  9.3762801e-01 
   253 :  6.0801096e-01  9.3904176e-01 
   254 :  2.1203396e-01  7.5649782e-02 
   255 :  3.2097144e-02  2.1761944e-01 
   256 :  2.1321073e-01  3.7690266e-02 
   257 :  3.1978731e-01  1.0963699e-01 
   258 :  5.3563412e-01  1.8996673e-01 
   259 :  2.8495786e-01  3.6975571e-02 
   260 :  3.7152894e-02  8.9322990e-01 
   261 :  4.0959679e-01  8.5740686e-01 
   262 :  3.9061667e-01  8.0279087e-01 
   263 :  9.6429227e-01  8.1251309e-01 
   264 :  6.4362689e-01  8.4541904e-01 
   265 :  8.9288980e-01  9.0631549e-01 
   266 :  8.5719569e-01  8.4385772e-01 
   267 :  7.4999347e-01  1.8764721e-01 
   268 :  2.4366306e-01  1.9452906e-01 
   269 :  4.2814711e-01  1.6762262e-01 
   270 :  1.1428024e-01  8.2262538e-01 
   271 :  3.8337289e-01  8.2773814e-01 
   272 :  4.4086082e-01  8.5844582e-01 
   273 :  4.9941399e-02  3.5228726e-01 
   274 :  1.3468964e-01  5.5244882e-01 
   275 :  2.2594897e-01  6.5996170e-01 
   276 :  1.2491516e-01  2.6970345e-01 
   277 :  1.1312549e-01  8.5881815e-01 
   278 :  1.4058805e-01  7.5128942e-02 
   279 :  3.1926892e-01  1.8589973e-01 
   280 :  1.6556513e-01  2.3445198e-01 
   281 :  2.3252355e-01  8.3126755e-01 
   282 :  4.1845393e-01  8.0846529e-01 
   283 :  3.0859323e-01  8.4371373e-01 
   284 :  3.9386767e-01  2.4056062e-01 
   285 :  1.0521530e-01  7.4377970e-02 
   286 :  4.2886860e-01  2.3084687e-01 
   287 :  1.9943602e-01  4.2548938e-01 
   288 :  2.2505159e-01  4.6491322e-01 
   289 :  6.0709313e-01  1.5741179e-01 
   290 :  4.2808969e-01  1.0129455e-01 
   291 :  3.4992156e-02  7.2450237e-02 
   292 :  7.4998996e-01  1.2520534e-01 
   293 :  3.9206169e-01  1.3849283e-01 
   294 :  6.5392181e-02  4.8725398e-01 
   295 :  9.2857093e-01  1.8751313e-01 
   296 :  4.6396900e-01  9.9118072e-02 
   297 :  3.5084591e-01  8.2148215e-01 
   298 :  1.8974268e-01  8.6252923e-01 
   299 :  3.4392841e-01  8.4958319e-01 
   300 :  9.2857915e-01  7.8126571e-01 
   301 :  5.7331049e-01  8.4794413e-01 
   302 :  8.5714092e-01  6.2537190e-02 
   303 :  7.4999109e-01  1.5644110e-01 
   304 :  8.9285649e-01  3.1262372e-02 
   305 :  7.1427566e-01  1.8773142e-01 
   306 :  3.9231427e-01  6.9287140e-02 
   307 :  3.7750203e-01  8.5429521e-01 
   308 :  3.7414257e-02  7.1272066e-01 
   309 :  1.4705206e-01  9.3063153e-01 
   310 :  8.9288968e-01  8.4381604e-01 
   311 :  9.2859016e-01  8.4378777e-01 
   312 :  9.2859173e-01  8.7504079e-01 
   313 :  8.2146304e-01  7.8132191e-01 
   314 :  7.8585590e-01  8.7528850e-01 
   315 :  8.2151209e-01  8.4392137e-01 
   316 :  4.9991150e-01  3.2613437e-02 
   317 :  2.8337670e-01  1.1201764e-01 
   318 :  5.7137446e-01  1.8899582e-01 
   319 :  2.8099816e-01  2.3673654e-01 
   320 :  4.9996226e-01  2.2146885e-01 
   321 :  5.7140138e-01  2.1960272e-01 
   322 :  2.8418199e-01  7.4213094e-02 
   323 :  5.3567706e-01  2.2021878e-01 
   324 :  2.4176892e-01  3.8821303e-01 
   325 :  9.8129630e-02  4.8048511e-01 
   326 :  6.0829603e-01  9.0840835e-01 
   327 :  5.7273891e-01  9.3967143e-01 
   328 :  6.0764243e-01  7.8261373e-01 
   329 :  6.4284496e-01  2.1906863e-01 
   330 :  6.0712442e-01  2.1926529e-01 
   331 :  2.8073449e-01  2.9690836e-01 
   332 :  3.5906903e-01  2.5387165e-01 
   333 :  9.6428556e-01  3.1253239e-02 
   334 :  3.2323480e-01  2.7145779e-01 
   335 :  6.0760877e-01  9.6955122e-01 
   336 :  6.4316402e-01  9.6930677e-01 
   337 :  6.7905891e-01  9.0721112e-01 
   338 :  2.0220377e-01  2.3792809e-01 
   339 :  7.1427905e-01  3.1369490e-02 
   340 :  5.3557685e-01  1.2789404e-01 
   341 :  7.1428048e-01  2.1887615e-01 
   342 :  4.2805828e-01  1.3468427e-01 
   343 :  6.7856343e-01  2.1894969e-01 
   344 :  3.5890408e-02  6.3972973e-01 
   345 :  7.3551939e-02  6.7380234e-01 
   346 :  3.6734277e-02  6.7622375e-01 
   347 :  4.1294772e-01  7.5932194e-01 
   348 :  7.5223725e-02  8.5795916e-01 
   349 :  3.7255922e-01  8.8209999e-01 
   350 :  7.5008433e-01  7.8143196e-01 
   351 :  7.1460304e-01  8.4441875e-01 
   352 :  9.2858572e-01  8.1252898e-01 
   353 :  3.3166881e-02  1.8137448e-01 
   354 :  8.5714044e-01  9.3798648e-02 
   355 :  7.1427384e-01  6.2722069e-02 
   356 :  8.2149243e-01  8.1263213e-01 
   357 :  6.4317740e-01  7.8204018e-01 
   358 :  6.7910278e-01  8.7608702e-01 
   359 :  1.9581439e-01  7.0813866e-01 
   360 :  1.3064696e-01  2.2998190e-01 
   361 :  1.3453057e-01  1.9046598e-01 
   362 :  3.2029996e-01  7.2770609e-02 
   363 :  7.8584501e-01  8.4402022e-01 
   364 :  6.4360852e-01  9.0770294e-01 
   365 :  8.2151907e-01  8.7518383e-01 
   366 :  9.6429434e-01  9.0626710e-01 
   367 :  6.9484657e-02  3.5055981e-01 
   368 :  9.2481845e-02  4.0001643e-01 
   369 :  1.3007282e-01  3.7541508e-01 
   370 :  8.9287049e-01  7.8127754e-01 
   371 :  6.7895092e-01  8.1334624e-01 
   372 :  7.5015601e-01  8.1283161e-01 
   373 :  6.4345027e-01  8.1387531e-01 
   374 :  9.6429231e-01  9.3751301e-01 
   375 :  9.6429431e-01  8.4376714e-01 
   376 :  7.8576823e-01  7.8136434e-01 
   377 :  7.5020385e-01  8.4417500e-01 
   378 :  5.7212763e-01  9.6986196e-01 
   379 :  8.9288193e-01  8.1255080e-01 
   380 :  6.0834417e-01  8.4639797e-01 
   381 :  8.2142591e-01  1.8755947e-01 
   382 :  9.2857083e-01  6.2513138e-02 
   383 :  2.4805959e-01  7.5199516e-02 
   384 :  8.2142542e-01  6.2558844e-02 
   385 :  4.6415265e-01  3.3165186e-02 
   386 :  1.3913123e-01  1.1307869e-01 
   387 :  6.0708603e-01  1.2620880e-01 
   388 :  7.8570857e-01  1.5637193e-01 
   389 :  3.5634967e-01  7.1057186e-02 
   390 :  6.7854848e-01  9.4203778e-02 
   391 :  6.0710695e-01  1.8842407e-01 
   392 :  7.8571009e-01  1.8759370e-01 
   393 :  7.4999657e-01  2.1883003e-01 
   394 :  7.5868783e-02  8.2186042e-01 
   395 :  1.1171909e-01  8.9449755e-01 
   396 :  4.0243742e-01  9.1247537e-01 
   397 :  3.3950900e-02  1.4504316e-01 
   398 :  3.5370526e-02  3.6215186e-02 
   399 :  8.2142680e-01  3.1281764e-02 
   400 :  5.0147209e-01  9.7055544e-01 
   401 :  4.6821244e-01  9.4169182e-01 
   402 :  4.3117386e-01  9.7078320e-01 
   403 :  4.6630053e-01  9.7077970e-01 
   404 :  5.3766188e-01  9.4041521e-01 
   405 :  5.3674369e-01  9.7021685e-01 
   406 :  9.2858577e-01  9.3752857e-01 
   407 :  7.1452897e-01  8.1302742e-01 
   408 :  2.2422858e-01  8.9966615e-01 
   409 :  3.2519543e-01  9.6920304e-01 
   410 :  1.9736392e-01  7.5065074e-01 
   411 :  4.2820518e-01  6.7642485e-02 
   412 :  3.2085724e-01  3.6292317e-02 
   413 :  5.0172316e-01  7.9237017e-01 
   414 :  5.3805433e-01  8.1916759e-01 
   415 :  5.3690603e-01  7.8621167e-01 
   416 :  7.0767565e-02  3.6703346e-02 
   417 :  1.3721055e-01  1.5148908e-01 
   418 :  8.5714121e-01  1.8753739e-01 
   419 :  5.3559626e-01  1.5917125e-01 
   420 :  2.1063108e-01  1.1418377e-01 
   421 :  7.2423692e-02  9.6466559e-01 
   422 :  3.0269827e-01  8.7444317e-01 
   423 :  4.0588609e-01  8.8440854e-01 
   424 :  6.6461057e-02  1.8431884e-01 
   425 :  4.9983922e-01  6.5131811e-02 
   426 :  6.4282895e-01  6.3026382e-02 
   427 :  9.7049024e-02  2.2540807e-01 
   428 :  3.3449820e-02  5.3032347e-01 
   429 :  3.4184395e-02  5.6680947e-01 
   430 :  6.6685553e-02  5.2475804e-01 
   431 :  1.6372142e-01  4.6913930e-01 
   432 :  6.7856119e-01  3.1433936e-02 
   433 :  5.7134037e-01  1.2687494e-01 
   434 :  1.0398218e-01  1.1180041e-01 
   435 :  1.0015849e-01  1.8740343e-01 
   436 :  7.8570782e-01  1.2513136e-01 
   437 :  4.2839847e-01  1.9981879e-01 
   438 :  3.2504002e-01  7.8424686e-01 
   439 :  6.9807924e-02  5.9924210e-01 
   440 :  3.5008707e-02  6.0326432e-01 
   441 :  4.6428540e-01  2.2458583e-01 
   442 :  2.4409345e-01  6.1201751e-01 
   443 :  1.9473899e-01  5.0541110e-01 
   444 :  2.2613302e-01  5.3941585e-01 
   445 :  2.2348420e-01  5.0243643e-01 
   446 :  8.9285618e-01  1.8752293e-01 
   447 :  5.7139078e-01  3.1889956e-02 
   448 :  2.6044657e-01  6.4812888e-01 
   449 :  6.1391272e-02  2.5766638e-01 
   450 :  5.2990063e-02  3.2447514e-01 
   451 :  9.2667342e-02  2.6295772e-01 
   452 :  1.7113064e-01  3.7837876e-01 
   453 :  2.9774436e-01  9.0551294e-01 
   454 :  4.6009484e-01  7.8205693e-01 
   455 :  4.2496480e-01  7.8735336e-01 
   456 :  4.3963478e-01  7.6960875e-01 
   457 :  2.6130894e-01  9.0247902e-01 
   458 :  1.1476311e-01  7.4809956e-01 
   459 :  3.7551467e-02  8.5746396e-01 
   460 :  7.4373934e-02  8.9373215e-01 
   461 :  7.4999567e-01  3.1327240e-02 
   462 :  7.8570808e-01  9.3870742e-02 
   463 :  2.7140083e-01  8.3729040e-01 
   464 :  1.1494323e-01  7.8575302e-01 
   465 :  2.9949910e-01  7.3895747e-01 
   466 :  2.8447157e-01  6.8420394e-01 
   467 :  1.4178131e-01  3.7489609e-02 
   468 :  2.0880924e-01  1.5369004e-01 
   469 :  8.5714033e-01  1.2505278e-01 
   470 :  6.7855036e-01  1.5671930e-01 
   471 :  1.0742153e-01  6.3305083e-01 
   472 :  1.0168876e-01  5.5721928e-01 
   473 :  1.0430982e-01  5.9508631e-01 
   474 :  7.5947023e-02  7.4844170e-01 
   475 :  1.8391469e-01  9.3174812e-01 
   476 :  1.5323654e-01  8.2415990e-01 
   477 :  7.1427199e-01  1.5654936e-01 
   478 :  5.7136088e-01  6.3711605e-02 
   479 :  7.1427081e-01  9.4042729e-02 
   480 :  2.8789828e-02  2.8868599e-01 
   481 :  8.0822037e-02  3.6929051e-01 
   482 :  6.0671412e-02  4.1254672e-01 
   483 :  2.4553160e-01  1.5307474e-01 
   484 :  9.6428547e-01  6.2505987e-02 
   485 :  1.7744300e-01  3.7689425e-02 
   486 :  1.1335483e-01  7.0978131e-01 
   487 :  1.1065223e-01  6.7129599e-01 
   488 :  5.7135206e-01  1.5808835e-01 
   489 :  9.6428540e-01  9.3757799e-02 
   490 :  6.7855317e-01  6.2842796e-02 
   491 :  3.0328762e-02  4.2116805e-01 
   492 :  1.3098631e-01  4.7392380e-01 
   493 :  1.6571556e-01  4.2631942e-01 
   494 :  9.2859016e-01  9.0628755e-01 
   495 :  5.7339953e-01  8.7885464e-01 
   496 :  9.6429505e-01  8.7501858e-01 
   497 :  8.5719593e-01  9.0635640e-01 
   498 :  9.6428925e-01  7.8125711e-01 
   499 :  2.4906175e-01  3.7454324e-02 
   500 :  2.9341326e-01  9.3682470e-01 
   501 :  3.6435076e-01  9.4017656e-01 
   502 :  1.4920355e-01  8.9566637e-01 
   503 :  8.5714063e-01  1.5629882e-01 
   504 :  6.4325155e-02  2.2126484e-01 
   505 :  5.0480983e-01  8.5352050e-01 
   506 :  5.3876008e-01  8.8060578e-01 
   507 :  5.3868962e-01  8.5029881e-01 
   508 :  3.9220013e-01  1.7292534e-01 
   509 :  1.5299299e-01  7.0864638e-01 
   510 :  3.8254637e-01  7.4746755e-01 
   511 :  4.3622536e-01  9.1317905e-01 
   512 :  1.5463790e-01  7.8702921e-01 
   513 :  3.7839375e-02  8.2154271e-01 
   514 :  2.8946602e-01  9.6832697e-01 
   515 :  1.1020565e-01  9.2982794e-01 
   516 :  8.5718351e-01  9.3758114e-01 
   517 :  5.0394881e-01  9.1186344e-01 
   518 :  5.3837286e-01  9.1057298e-01 
   519 :  6.0708793e-01  9.4827927e-02 
   520 :  9.6428540e-01  1.2500845e-01 
   521 :  1.5489354e-01  7.4853166e-01 
   522 :  3.2912176e-01  9.3863774e-01 
   523 :  5.7517695e-02  2.9259256e-01 
   524 :  6.3785537e-02  4.4959306e-01 
   525 :  4.7188514e-01  8.3015248e-01 
   526 :  4.7138162e-01  8.8453501e-01 
   527 :  4.7222434e-01  8.5685524e-01 
   528 :  4.6412046e-01  1.9474712e-01 
   529 :  2.1242147e-01  6.1950862e-01 
   530 :  1.7619437e-01  7.5593582e-02 
   531 :  5.3565619e-01  3.2194215e-02 
   532 :  3.5587547e-01  1.4282251e-01 
   533 :  4.6995198e-01  9.1288621e-01 
   534 :  9.2857107e-01  3.1257109e-02 
   535 :  4.2837433e-01  3.3849929e-02 
   536 :  4.4351485e-01  8.1116352e-01 
   537 :  1.0866566e-01  9.6495364e-01 
   538 :  8.9285568e-01  1.2503244e-01 
   539 :  7.1460087e-01  9.0687866e-01 
   540 :  6.4342665e-01  9.3855901e-01 
   541 :  7.8581454e-01  9.3769934e-01 
   542 :  6.7877194e-01  9.6912713e-01 
   543 :  6.0807256e-01  8.1477666e-01 
   544 :  7.5015557e-01  9.3780744e-01 
   545 :  3.1788453e-01  7.1175684e-01 
   546 :  1.8119136e-01  9.6590223e-01 
   547 :  3.3823253e-01  8.7865223e-01 
   548 :  7.5022043e-01  8.7545040e-01 
   549 :  1.7467648e-01  1.1394880e-01 
   550 :  6.0711843e-01  3.1676842e-02 
   551 :  2.4692081e-01  1.1357419e-01 
   552 :  7.5020335e-01  9.0665798e-01 
   553 :  1.4300768e-01  6.2934646e-01 
   554 :  1.8668185e-01  6.6530764e-01 
   555 :  1.3227505e-01  5.1378007e-01 
   556 :  1.4838051e-01  3.2119586e-01 
   557 :  9.9677612e-02  5.1914621e-01 
   558 :  5.3560960e-01  6.4303314e-02 
   559 :  4.9978513e-01  1.2942513e-01 
   560 :  2.8254507e-01  1.5086492e-01 
   561 :  1.4492832e-01  9.6535650e-01 
   562 :  2.1741029e-01  9.6660084e-01 
   563 :  8.2142495e-01  1.5632752e-01 
   564 :  8.9285585e-01  1.5627997e-01 
   565 :  1.9542701e-01  2.8368228e-01 
   566 :  1.5889732e-01  2.7711237e-01 
   567 :  2.3498924e-01  2.8969257e-01 
   568 :  2.8172094e-01  1.9166568e-01 
   569 :  3.0648182e-02  2.5354387e-01 
   570 :  2.7903564e-02  3.8682302e-01 
   571 :  1.6415581e-01  5.0914914e-01 
   572 :  3.9212754e-01  1.0391812e-01 
   573 :  7.4999228e-01  6.2643283e-02 
   574 :  6.4283357e-01  1.8807821e-01 
   575 :  3.1988680e-01  2.2667131e-01 
   576 :  1.5131668e-01  8.6026232e-01 
   577 :  2.5724035e-01  9.3494559e-01 
   578 :  3.1585833e-01  8.1351697e-01 
   579 :  2.7815194e-01  8.0440164e-01 
   580 :  6.8009368e-02  1.4727349e-01 
   581 :  4.6395157e-01  1.3164841e-01 
   582 :  2.3293628e-01  5.7589247e-01 
   583 :  4.6898438e-01  8.0490561e-01 
   584 :  3.7953367e-02  7.8543863e-01 
   585 :  3.6069871e-01  9.6995904e-01 
   586 :  4.9981655e-01  1.6090300e-01 
   587 :  1.1642759e-01  3.0878406e-01 
   588 :  3.2744089e-02  4.9377807e-01 
   589 :  7.8584517e-01  9.0651311e-01 
   590 :  3.9916895e-01  9.4126238e-01 
   591 :  8.5720018e-01  8.7511583e-01 
   592 :  9.2857076e-01  1.5626716e-01 
   593 :  3.9600309e-01  9.7050630e-01 
   594 :  2.2095416e-01  3.3781360e-01 
   595 :  3.3668398e-01  7.5667986e-01 
   596 :  2.5916714e-02  3.5452181e-01 
   597 :  3.5599987e-01  1.7924411e-01 
   598 :  2.5352302e-01  9.6742983e-01 
   599 :  2.3104060e-01  4.2684483e-01 
   600 :  6.4282169e-01  9.4451055e-02 
   601 :  2.0324444e-01  5.8129262e-01 
   602 :  3.6998310e-01  7.6985885e-01 
   603 :  7.1462804e-01  8.7570089e-01 
   604 :  9.6428544e-01  1.5625780e-01 
   605 :  7.1441600e-01  9.6900091e-01 
   606 :  7.5008429e-01  9.6891487e-01 
   607 :  7.8576863e-01  9.6885728e-01 
   608 :  8.2146337e-01  9.6881905e-01 
   609 :  8.5716488e-01  9.6879385e-01 
   610 :  8.9287069e-01  9.6877695e-01 
   611 :  9.2857921e-01  9.6876537e-01 
   612 :  9.6428931e-01  9.6875701e-01 
   613 :  7.8571207e-01  2.1880085e-01 
   614 :  8.2142717e-01  2.1878228e-01 
   615 :  8.5714199e-01  2.1877029e-01 
   616 :  8.9285664e-01  2.1876242e-01 
   617 :  9.2857117e-01  2.1875711e-01 
   618 :  9.6428561e-01  2.1875324e-01 
   619 :  3.6692585e-02  9.2887967e-01 
   620 :  3.6205097e-02  9.6445581e-01 
Number of edges 150 
     0 :      0      8 
     1 :      8     22 
     2 :     22     21 
     3 :     21     23 
     4 :     23     20 
     5 :     20     24 
     6 :     24     19 
     7 :     19     25 
     8 :     25     18 
     9 :     18     26 
    10 :     26     17 
    11 :     17     27 
    12 :     27     16 
    13 :     16     28 
    14 :     28     15 
    15 :     15     29 
    16 :     29     14 
    17 :     14     30 
    18 :     30     13 
    19 :     13     31 
    20 :     31     12 
    21 :     12     32 
    22 :     32     11 
    23 :     11     33 
    24 :     33     10 
    25 :     10     34 
    26 :     34      9 
    27 :      9      1 
    28 :      2     35 
    29 :     35     49 
    30 :     49     48 
    31 :     48     50 
    32 :     50     47 
    33 :     47     51 
    34 :     51     46 
    35 :     46     52 
    36 :     52     45 
    37 :     45     53 
    38 :     53     44 
    39 :     44     54 
    40 :     54     43 
    41 :     43     55 
    42 :     55     42 
    43 :     42     56 
    44 :     56     41 
    45 :     41     57 
    46 :     57     40 
    47 :     40     58 
    48 :     58     39 
    49 :     39     59 
    50 :     59     38 
    51 :     38     60 
    52 :     60     37 
    53 :     37     61 
    54 :     61     36 
    55 :     36      0 
    56 :      3     62 
    57 :     62     66 
    58 :     66     63 
    59 :     63     67 
    60 :     67     64 
    61 :     64     68 
    62 :     68     65 
    63 :     65      2 
    64 :      3     69 
    65 :     69     76 
    66 :     76     70 
    67 :     70     77 
    68 :     77     71 
    69 :     71     78 
    70 :     78     72 
    71 :     72     79 
    72 :     79     73 
    73 :     73     80 
    74 :     80     74 
    75 :     74     81 
    76 :     81     75 
    77 :     75      4 
    78 :      4     82 
    79 :     82     93 
    80 :     93     92 
    81 :     92     94 
    82 :     94     91 
    83 :     91     95 
    84 :     95     90 
    85 :     90     96 
    86 :     96     89 
    87 :     89     97 
    88 :     97     88 
    89 :     88     98 
    90 :     98     87 
    91 :     87     99 
    92 :     99     86 
    93 :     86    100 
    94 :    100     85 
    95 :     85    101 
    96 :    101     84 
    97 :     84    102 
    98 :    102     83 
    99 :     83      5 
   100 :      5    103 
   101 :    103    110 
   102 :    110    104 
   103 :    104    111 
   104 :    111    105 
   105 :    105    112 
   106 :    112    106 
   107 :    106    113 
   108 :    113    107 
   109 :    107    114 
   110 :    114    108 
   111 :    108    115 
   112 :    115    109 
   113 :    109      6 
   114 :      7    116 
   115 :    116    120 
   116 :    120    117 
   117 :    117    121 
   118 :    121    118 
   119 :    118    122 
   120 :    122    119 
   121 :    119      6 
   122 :      1    123 
   123 :    123    137 
   124 :    137    136 
   125 :    136    138 
   126 :    138    135 
   127 :    135    139 
   128 :    139    134 
   129 :    134    140 
   130 :    140    133 
   131 :    133    141 
   132 :    141    132 
   133 :    132    142 
   134 :    142    131 
   135 :    131    143 
   136 :    143    130 
   137 :    130    144 
   138 :    144    129 
   139 :    129    145 
   140 :    145    128 
   141 :    128    146 
   142 :    146    127 
   143 :    127    147 
   144 :    147    126 
   145 :    126    148 
   146 :    148    125 
   147 :    125    149 
   148 :    149    124 
   149 :    124      7 
Number of quads 545 
     0 :    383    322    317    551
     1 :    467    485    530    278
     2 :     37    537    561     60
     3 :    422    283    299    547
     4 :     66    263    498     62
     5 :    498    300     76     69
     6 :    606    605    189    544
     7 :    607    606    544    541
     8 :    326    219    495    191
     9 :    315    363    185    356
    10 :    218    357     80     73
    11 :    552    539    603    548
    12 :    485    256    254    530
    13 :    416    170    285    163
    14 :    136    138    467    170
    15 :    446    295    617    616
    16 :    289    228    574    391
    17 :    320    323    103      5
    18 :    323    321    110    103
    19 :    354    244    538    469
    20 :    287    177    324    599
    21 :    539    337    358    603
    22 :    365    314    363    315
    23 :    313    376     78     71
    24 :     63    375    263     66
    25 :    147    126    399    171
    26 :    321    330    104    110
    27 :    330    329    111    104
    28 :    342    581    213    269
    29 :    292    436    388    303
    30 :    331    334     85    100
    31 :    334    332    101     85
    32 :    148    125    304    168
    33 :     67    496    375     63
    34 :    190    264    373    371
    35 :    336    335    253    540
    36 :    350    184     79     72
    37 :    316    531    558    425
    38 :    398    416    163    291
    39 :    436    172    563    388
    40 :    397    580    424    353
    41 :    143    130    531    316
    42 :    329    343    105    111
    43 :    343    341    112    105
    44 :    128    146    339    432
    45 :    194    345    346    344
    46 :    344    346     18     26
    47 :    346    308     25     18
    48 :    345    195    308    346
    49 :    464    458    521    512
    50 :    153    281    463    224
    51 :    216    275    448    466
    52 :    161    591    266    310
    53 :    266    315    356    187
    54 :    264    380    543    373
    55 :    366    494    312    496
    56 :    390    479    222    164
    57 :    149    124    333    534
    58 :    150    231    284    332
    59 :    327    404    518    219
    60 :    542    336    540    188
    61 :    312    161    310    311
    62 :    311    310    379    352
    63 :    466    448     90     95
    64 :    216    466    545    465
    65 :    362    389    246    257
    66 :    258    318    321    323
    67 :    214    122    119    618
    68 :    286    441     83    102
    69 :    284     84    101    332
    70 :    388    563    381    392
    71 :    197    415     75     81
    72 :     44     54    378    335
    73 :    407    371    218    184
    74 :    608    607    541    252
    75 :    544    189    539    552
    76 :    605    542    188    189
    77 :    189    188    337    539
    78 :    377    351    407    372
    79 :    146    127    461    339
    80 :    531    447    478    558
    81 :    165    156    250    587
    82 :    166    565    567    594
    83 :    450    273    596    155
    84 :    165    481    367    156
    85 :    300    370     70     76
    86 :    378    405    404    327
    87 :     45     53    336    542
    88 :    373    543    328    357
    89 :    540    253    326    364
    90 :    379    187    220    370
    91 :    220    313     71     77
    92 :    612    611    406    374
    93 :    497    159    365    591
    94 :    183    191    380    264
    95 :     62    498     69      3
    96 :     52     45    542    605
    97 :    357    328     74     80
    98 :     53     44    335    336
    99 :    184    218     73     79
   100 :    375    311    352    263
   101 :    221    199    338    280
   102 :    246    572    293    532
   103 :    468    483    268    199
   104 :    339    461    573    355
   105 :      9    398    291     34
   106 :    225    519    387    433
   107 :    268    568    319    151
   108 :    489    117    121    520
   109 :    355    573    169    479
   110 :    420    551    483    468
   111 :    295    214    618    617
   112 :    245    432    490    426
   113 :    391    574    329    330
   114 :    534    333    484    382
   115 :    296    227    559    581
   116 :    411    211    296    290
   117 :    140    133    412    259
   118 :    141    132    215    162
   119 :    139    134    499    256
   120 :    409    522    501    585
   121 :    522    152    233    501
   122 :    338    151    567    565
   123 :    106    112    341    393
   124 :    483    560    568    268
   125 :     56    402    403     42
   126 :     42    403    400     55
   127 :    403    401    158    400
   128 :    402    204    401    403
   129 :     55    400    405     43
   130 :    496    312    311    375
   131 :    376    350     72     78
   132 :    400    158    404    405
   133 :    591    365    315    266
   134 :    265    497    591    161
   135 :    187    356    313    220
   136 :    609    608    252    516
   137 :    234    408    457    577
   138 :    349    307    261    423
   139 :    474    195    486    458
   140 :     60    561    546     38
   141 :    144    129    550    447
   142 :    470    477    305    242
   143 :    169    462    436    292
   144 :     64    366    496     67
   145 :     75    415    413      4
   146 :    415    414    207    413
   147 :    159    589    314    365
   148 :    432    339    355    490
   149 :    145    128    432    245
   150 :    592    604    214    295
   151 :    550    245    426    182
   152 :    203    164    470    228
   153 :    361    221    280    360
   154 :    387    203    228    289
   155 :    134    140    259    499
   156 :    572    290    342    293
   157 :    242    305    341    343
   158 :    521    509    359    410
   159 :    176    602    173    262
   160 :    192    243    240    579
   161 :    353    424    504    255
   162 :    230    489    520    198
   163 :    306    411    290    572
   164 :    213    586    247    528
   165 :    551    317    560    483
   166 :    239    354    469    172
   167 :    385    316    425    211
   168 :    428     16     28    588
   169 :    428    430    157    429
   170 :    452    166    594    177
   171 :    428    429     27     16
   172 :    196     86     99    324
   173 :    599    324     99     87
   174 :    492    555    557    325
   175 :    303    388    392    267
   176 :    340    433    488    419
   177 :    133    141    162    412
   178 :    168    304    210    302
   179 :    132    142    535    215
   180 :    435    361    360    427
   181 :    532    293    508    597
   182 :    462    239    172    436
   183 :    127    147    171    461
   184 :    123    137    416    398
   185 :    278    530    549    386
   186 :    573    181    462    169
   187 :     36    620    421     61
   188 :    502    576    298    241
   189 :    157    439    440    429
   190 :    429    440     17     27
   191 :    440    344     26     17
   192 :    439    194    344    440
   193 :    418    446    616    615
   194 :    441    320      5     83
   195 :    444    445     88     97
   196 :    582    444     97     89
   197 :    154     15     29    491
   198 :    445    443    180    288
   199 :    216    359    554    275
   200 :     34    291    209     10
   201 :    227    202    340    559
   202 :      1    123    398      9
   203 :    171    399    384    181
   204 :    240    465    595    438
   205 :     90    448    442     96
   206 :    179    509    486    487
   207 :    236    274    555    571
   208 :    588     28     15    154
   209 :    556    587    276    566
   210 :    491     29     14    570
   211 :    587    250    451    276
   212 :    570     14     30    596
   213 :    156    367    273    450
   214 :    585    501    590    593
   215 :     24     19    232    584
   216 :    512    521    410    175
   217 :    501    233    396    590
   218 :    212    455    456    454
   219 :    454    456     82      4
   220 :    456    347     93     82
   221 :    455    173    347    456
   222 :    515    395    502    309
   223 :    359    509    179    554
   224 :    175    410    243    192
   225 :    584    232    474    223
   226 :    298    217    281    153
   227 :    395    277    576    502
   228 :    396    423    205    511
   229 :    579    240    438    578
   230 :    309    502    241    475
   231 :    223    474    458    464
   232 :    211    425    227    296
   233 :    130    144    447    531
   234 :    586    419    258    247
   235 :    528    247    320    441
   236 :    152    547    349    233
   237 :    510     92     93    347
   238 :    174     94     92    510
   239 :    384    302    354    239
   240 :    151    319    331    567
   241 :    208    417    361    435
   242 :    434    386    417    208
   243 :    194    439    473    471
   244 :    601    178    444    582
   245 :    262    173    455    282
   246 :    439    157    472    473
   247 :    514    500    522    409
   248 :     23     20    513    459
   249 :    299    297    271    307
   250 :    577    457    453    500
   251 :    399    168    302    384
   252 :    231    437    286    284
   253 :    228    470    242    574
   254 :    569    480     31     12
   255 :    481    206    273    367
   256 :    449    523    480    569
   257 :     12     32    255    569
   258 :    322    362    257    317
   259 :    305    267    393    341
   260 :    162    215    306    389
   261 :    195    345    487    486
   262 :    465    545    174    595
   263 :    466     95     91    545
   264 :    345    194    471    487
   265 :     10    209    397     33
   266 :    447    550    182    478
   267 :    291    163    200    209
   268 :    425    558    202    227
   269 :    369    165    587    556
   270 :    196    331    100     86
   271 :    594    196    324    177
   272 :    495    506    507    301
   273 :    310    266    187    379
   274 :    186    516    497    265
   275 :    351    190    371    407
   276 :    301    507    414    251
   277 :    254    383    551    420
   278 :    124      7    116    333
   279 :    285    278    386    434
   280 :    302    210    244    354
   281 :    546    475    234    562
   282 :    513    584    223    394
   283 :    178    443    445    444
   284 :    463    579    578    283
   285 :    560    201    279    568
   286 :    293    342    269    508
   287 :    419    488    318    258
   288 :    207    414    507    505
   289 :    505    507    506    160
   290 :    494    265    161    312
   291 :    589    552    548    314
   292 :    488    289    391    318
   293 :    479    169    292    222
   294 :    229    193    601    529
   295 :    500    453    152    522
   296 :    307    271    249    261
   297 :    348    394    270    277
   298 :    459    513    394    348
   299 :    478    182    519    225
   300 :    256    499    383    254
   301 :    604    118    122    214
   302 :    433    387    289    488
   303 :    619    260    460    248
   304 :     40    409    585     57
   305 :    217    175    192    281
   306 :    270    464    512    476
   307 :    356    185    376    313
   308 :    611    610    186    406
   309 :    518    517    160    506
   310 :    404    158    517    518
   311 :    559    340    419    586
   312 :    600    390    164    203
   313 :    460    348    277    395
   314 :    261    249    235    272
   315 :    277    270    476    576
   316 :    452    177    287    493
   317 :    480    155     13     31
   318 :    368    482    206    481
   319 :    524    154    491    482
   320 :    160    526    527    505
   321 :    505    527    525    207
   322 :    527    272    235    525
   323 :    526    205    272    527
   324 :    198    520    604    592
   325 :    304    534    382    210
   326 :    564    592    295    446
   327 :     58    514    409     40
   328 :    237    473    472    274
   329 :    179    487    471    553
   330 :    325    294    524    167
   331 :    135    139    256    485
   332 :    538    198    592    564
   333 :    318    391    330    321
   334 :    158    401    533    517
   335 :    517    533    526    160
   336 :    533    511    205    526
   337 :    401    204    511    533
   338 :    319    575    334    331
   339 :    575    150    332    334
   340 :    201    532    597    279
   341 :    503    564    446    418
   342 :    408    153    224    457
   343 :    232    308    195    474
   344 :     39    598    514     58
   345 :     19     25    308    232
   346 :    389    306    572    246
   347 :    126    148    168    399
   348 :    549    420    468    226
   349 :    543    251    197    328
   350 :    337    364    183    358
   351 :    363    377    372    185
   352 :    380    301    251    543
   353 :    541    544    552    589
   354 :    374    406    494    366
   355 :    251    414    415    197
   356 :     68    374    366     64
   357 :    371    373    357    218
   358 :    314    548    377    363
   359 :    358    183    264    190
   360 :    188    540    364    337
   361 :    233    349    423    396
   362 :    620    619    248    421
   363 :    282    455    212    536
   364 :     65    612    374     68
   365 :    364    326    191    183
   366 :    219    518    506    495
   367 :    185    372    350    376
   368 :    209    200    580    397
   369 :    499    259    322    383
   370 :    247    258    323    320
   371 :    370    220     77     70
   372 :    548    603    351    377
   373 :    253    327    219    326
   374 :    352    379    370    300
   375 :    421    248    515    537
   376 :    593    590    204    402
   377 :    553    471    473    237
   378 :    561    309    475    546
   379 :    229    553    237    193
   380 :    451    250    523    449
   381 :    430    557    472    157
   382 :    457    224    422    453
   383 :    369    452    493    238
   384 :    424    435    427    504
   385 :    280    338    565    566
   386 :    244    230    198    538
   387 :     11    353    255     32
   388 :    558    478    225    202
   389 :    113    106    393    613
   390 :    469    538    564    503
   391 :    163    285    434    200
   392 :    590    396    511    204
   393 :    224    463    283    422
   394 :    458    486    509    521
   395 :     38    546    562     59
   396 :    267    392    613    393
   397 :    259    412    362    322
   398 :    563    503    418    381
   399 :    369    368    481    165
   400 :    530    254    420    549
   401 :    369    238    167    368
   402 :    129    145    245    550
   403 :    193    236    178    601
   404 :    537    515    309    561
   405 :    248    460    395    515
   406 :    155    596     30     13
   407 :    426    490    390    600
   408 :    386    549    226    417
   409 :    381    418    615    614
   410 :    199    268    151    338
   411 :    557    430    294    325
   412 :    556    566    565    166
   413 :    167    524    482    368
   414 :    482    491    570    206
   415 :    257    246    532    201
   416 :    206    570    596    273
   417 :    430    428    588    294
   418 :    369    556    166    452
   419 :    236    571    443    178
   420 :    595    174    510    602
   421 :    476    512    175    217
   422 :    182    426    600    519
   423 :    290    296    581    342
   424 :    138    135    485    467
   425 :    125    149    534    304
   426 :    477    303    267    305
   427 :     33    397    353     11
   428 :    164    222    477    470
   429 :    226    468    199    221
   430 :    417    226    221    361
   431 :     57    585    593     41
   432 :     41    593    402     56
   433 :    438    595    602    176
   434 :    519    600    203    387
   435 :    392    381    614    613
   436 :    437    528    441    286
   437 :     21     23    459    260
   438 :    260    459    348    460
   439 :    333    116    120    484
   440 :    170    467    278    285
   441 :    461    171    181    573
   442 :    484    120    117    489
   443 :    142    131    385    535
   444 :    582     89     96    442
   445 :    274    472    557    555
   446 :    212    454    583    536
   447 :    536    583    525    235
   448 :    583    413    207    525
   449 :    454      4    413    583
   450 :    297    176    262    271
   451 :    423    261    272    205
   452 :    562    234    577    598
   453 :    554    179    553    229
   454 :    602    510    347    173
   455 :     61    421    537     37
   456 :    554    229    529    275
   457 :     59    562    598     39
   458 :    249    282    536    235
   459 :    578    438    176    297
   460 :    574    242    343    329
   461 :    210    382    230    244
   462 :    449    504    427    451
   463 :    523    450    155    480
   464 :    250    156    450    523
   465 :    569    255    504    449
   466 :    238    492    325    167
   467 :    263    352    300    498
   468 :    372    407    184    350
   469 :    191    495    301    380
   470 :    535    385    211    411
   471 :    269    213    528    437
   472 :    200    434    208    580
   473 :    412    162    389    362
   474 :    410    359    216    243
   475 :    453    422    547    152
   476 :    281    192    579    463
   477 :     54     43    405    378
   478 :    335    378    327    253
   479 :    603    358    190    351
   480 :    406    186    265    494
   481 :    328    197     81     74
   482 :    508    269    437    231
   483 :    137    136    170    416
   484 :    181    384    239    462
   485 :     22     21    260    619
   486 :    394    223    464    270
   487 :    475    241    408    234
   488 :    275    529    442    448
   489 :    271    262    282    249
   490 :    492    431    571    555
   491 :    594    567    331    196
   492 :    431    180    443    571
   493 :    545     91     94    174
   494 :    238    493    431    492
   495 :    451    427    360    276
   496 :    493    287    180    431
   497 :    243    216    465    240
   498 :    547    299    307    349
   499 :    382    484    489    230
   500 :    215    535    411    306
   501 :    202    225    433    340
   502 :    580    208    435    424
   503 :    317    257    201    560
   504 :    576    476    217    298
   505 :    241    298    153    408
   506 :    283    578    297    299
   507 :    520    121    118    604
   508 :    284    286    102     84
   509 :     98     88    445    288
   510 :    599     87     98    288
   511 :    288    180    287    599
   512 :    131    143    316    385
   513 :    581    559    586    213
   514 :    568    279    575    319
   515 :    193    237    274    236
   516 :     20     24    584    513
   517 :    529    601    582    442
   518 :    490    355    479    390
   519 :    172    469    503    563
   520 :    294    588    154    524
   521 :    360    280    566    276
   522 :    598    577    500    514
   523 :    516    252    159    497
   524 :    610    609    516    186
   525 :    252    541    589    159
   526 :    279    597    150    575
   527 :    222    292    303    477
   528 :    597    508    231    150
   529 :     46     52    605    606
   530 :     51     46    606    607
   531 :     47     51    607    608
   532 :     50     47    608    609
   533 :     48     50    609    610
   534 :     49     48    610    611
   535 :     35     49    611    612
   536 :      2     35    612     65
   537 :    107    113    613    614
   538 :    114    107    614    615
   539 :    108    114    615    616
   540 :    115    108    616    617
   541 :    109    115    617    618
   542 :      6    109    618    119
   543 :      8     22    619    620
   544 :      0      8    620     36
Number of domains 8
  Domain :      0 
  Name : Symmetry
  Number of elements :     28
     0     1     2     3     4     5     6     7     8     9
    10    11    12    13    14    15    16    17    18    19
    20    21    22    23    24    25    26    27
  Domain :      1 
  Name : Top
  Number of elements :     28
    28    29    30    31    32    33    34    35    36    37
    38    39    40    41    42    43    44    45    46    47
    48    49    50    51    52    53    54    55
  Domain :      2 
  Name : Entity 2 
  Number of elements :      8
    56    57    58    59    60    61    62    63
  Domain :      3 
  Name : Entity 3 
  Number of elements :     14
    64    65    66    67    68    69    70    71    72    73
    74    75    76    77
  Domain :      4 
  Name : Entity 4 
  Number of elements :     22
    78    79    80    81    82    83    84    85    86    87
    88    89    90    91    92    93    94    95    96    97
    98    99
  Domain :      5 
  Name : Entity 5 
  Number of elements :     14
   100   101   102   103   104   105   106   107   108   109
   110   111   112   113
  Domain :      6 
  Name : Entity 6 
  Number of elements :      8
   114   115   116   117   118   119   120   121
  Domain :      7 
  Name : Bottom
  Number of elements :     28
   122   123   124   125   126   127   128   129   130   131
   132   133   134   135   136   137   138   139   140   141
   142   143   144   145   146   147   148   149
