Number of nodes 621 
     0 :  0.0000000e+00  1.0000000e+00 
     1 :  0.0000000e+00  0.0000000e+00 
     2 :  1.0000000e+00  1.0000000e+00 
     3 :  1.0000000e+00  7.5000000e-01 
     4 :  5.0000000e-01  7.5000000e-01 
     5 :  5.0000000e-01  2.5000000e-01 
     6 :  1.0000000e+00  2.5000000e-01 
     7 :  1.0000000e+00  0.0000000e+00 
     8 :  0.0000000e+00  9.6428571e-01 
     9 :  0.0000000e+00  3.5714286e-02 
    10 :  0.0000000e+00  1.0714286e-01 
    11 :  0.0000000e+00  1.7857143e-01 
    12 :  0.0000000e+00  2.5000000e-01 
    13 :  0.0000000e+00  3.2142857e-01 
    14 :  0.0000000e+00  3.9285714e-01 
    15 :  0.0000000e+00  4.6428571e-01 
    16 :  0.0000000e+00  5.3571429e-01 
    17 :  0.0000000e+00  6.0714286e-01 
    18 :  0.0000000e+00  6.7857143e-01 
    19 :  0.0000000e+00  7.5000000e-01 
    20 :  0.0000000e+00  8.2142857e-01 
    21 :  0.0000000e+00  8.9285714e-01 
    22 :  0.0000000e+00  9.2857143e-01 
    23 :  0.0000000e+00  8.5714286e-01 
    24 :  0.0000000e+00  7.8571429e-01 
    25 :  0.0000000e+00  7.1428571e-01 
    26 :  0.0000000e+00  6.4285714e-01 
    27 :  0.0000000e+00  5.7142857e-01 
    28 :  0.0000000e+00  5.0000000e-01 
    29 :  0.0000000e+00  4.2857143e-01 
    30 :  0.0000000e+00  3.5714286e-01 
    31 :  0.0000000e+00  2.8571429e-01 
    32 :  0.0000000e+00  2.1428571e-01 
    33 :  0.0000000e+00  1.4285714e-01 
    34 :  0.0000000e+00  7.1428571e-02 
    35 :  9.6428571e-01  1.0000000e+00 
    36 :  3.5714286e-02  1.0000000e+00 
    37 :  1.0714286e-01  1.0000000e+00 
    38 :  1.7857143e-01  1.0000000e+00 
    39 :  2.5000000e-01  1.0000000e+00 
    40 :  3.2142857e-01  1.0000000e+00 
    41 :  3.9285714e-01  1.0000000e+00 
    42 :  4.6428571e-01  1.0000000e+00 
    43 :  5.3571429e-01  1.0000000e+00 
    44 :  6.0714286e-01  1.0000000e+00 
    45 :  6.7857143e-01  1.0000000e+00 
    46 :  7.5000000e-01  1.0000000e+00 
    47 :  8.2142857e-01  1.0000000e+00 
    48 :  8.9285714e-01  1.0000000e+00 
    49 :  9.2857143e-01  1.0000000e+00 
    50 :  8.5714286e-01  1.0000000e+00 
    51 :  7.8571429e-01  1.0000000e+00 
    52 :  7.1428571e-01  1.0000000e+00 
    53 :  6.4285714e-01  1.0000000e+00 
    54 :  5.7142857e-01  1.0000000e+00 
    55 :  5.0000000e-01  1.0000000e+00 
    56 :  4.2857143e-01  1.0000000e+00 
    57 :  3.5714286e-01  1.0000000e+00 
    58 :  2.8571429e-01  1.0000000e+00 
    59 :  2.1428571e-01  1.0000000e+00 
    60 :  1.4285714e-01  1.0000000e+00 
    61 :  7.1428571e-02  1.0000000e+00 
    62 :  1.0000000e+00  7.8125000e-01 
    63 :  1.0000000e+00  8.4375000e-01 
    64 :  1.0000000e+00  9.0625000e-01 
    65 :  1.0000000e+00  9.6875000e-01 
    66 :  1.0000000e+00  8.1250000e-01 
    67 :  1.0000000e+00  8.7500000e-01 
    68 :  1.0000000e+00  9.3750000e-01 
    69 :  9.6428571e-01  7.5000000e-01 
    70 :  8.9285714e-01  7.5000000e-01 
    71 :  8.2142857e-01  7.5000000e-01 
    72 :  7.5000000e-01  7.5000000e-01 
    73 :  6.7857143e-01  7.5000000e-01 
    74 :  6.0714286e-01  7.5000000e-01 
    75 :  5.3571429e-01  7.5000000e-01 
    76 :  9.2857143e-01  7.5000000e-01 
    77 :  8.5714286e-01  7.5000000e-01 
    78 :  7.8571429e-01  7.5000000e-01 
    79 :  7.1428571e-01  7.5000000e-01 
    80 :  6.4285714e-01  7.5000000e-01 
    81 :  5.7142857e-01  7.5000000e-01 
    82 :  4.6442129e-01  7.4745536e-01 
    83 :  4.6442129e-01  2.5254464e-01 
    84 :  3.9614625e-01  2.7259200e-01 
    85 :  3.3628482e-01  3.1106261e-01 
    86 :  2.8968662e-01  3.6483980e-01 
    87 :  2.6012676e-01  4.2956686e-01 
    88 :  2.5000000e-01  5.0000000e-01 
    89 :  2.6012676e-01  5.7043314e-01 
    90 :  2.8968662e-01  6.3516020e-01 
    91 :  3.3628482e-01  6.8893739e-01 
    92 :  3.9614625e-01  7.2740800e-01 
    93 :  4.2956686e-01  7.3987324e-01 
    94 :  3.6483980e-01  7.1031338e-01 
    95 :  3.1106261e-01  6.6371518e-01 
    96 :  2.7259200e-01  6.0385375e-01 
    97 :  2.5254464e-01  5.3557871e-01 
    98 :  2.5254464e-01  4.6442129e-01 
    99 :  2.7259200e-01  3.9614625e-01 
   100 :  3.1106261e-01  3.3628482e-01 
   101 :  3.6483980e-01  2.8968662e-01 
   102 :  4.2956686e-01  2.6012676e-01 
   103 :  5.3571429e-01  2.5000000e-01 
   104 :  6.0714286e-01  2.5000000e-01 
   105 :  6.7857143e-01  2.5000000e-01 
   106 :  7.5000000e-01  2.5000000e-01 
   107 :  8.2142857e-01  2.5000000e-01 
   108 :  8.9285714e-01  2.5000000e-01 
   109 :  9.6428571e-01  2.5000000e-01 
   110 :  5.7142857e-01  2.5000000e-01 
   111 :  6.4285714e-01  2.5000000e-01 
   112 :  7.1428571e-01  2.5000000e-01 
   113 :  7.8571429e-01  2.5000000e-01 
   114 :  8.5714286e-01  2.5000000e-01 
   115 :  9.2857143e-01  2.5000000e-01 
   116 :  1.0000000e+00  3.1250000e-02 
   117 :  1.0000000e+00  9.3750000e-02 
   118 :  1.0000000e+00  1.5625000e-01 
   119 :  1.0000000e+00  2.1875000e-01 
   120 :  1.0000000e+00  6.2500000e-02 
   121 :  1.0000000e+00  1.2500000e-01 
   122 :  1.0000000e+00  1.8750000e-01 
   123 :  3.5714286e-02  0.0000000e+00 
   124 :  9.6428571e-01  0.0000000e+00 
   125 :  8.9285714e-01  0.0000000e+00 
   126 :  8.2142857e-01  0.0000000e+00 
   127 :  7.5000000e-01  0.0000000e+00 
   128 :  6.7857143e-01  0.0000000e+00 
   129 :  6.0714286e-01  0.0000000e+00 
   130 :  5.3571429e-01  0.0000000e+00 
   131 :  4.6428571e-01  0.0000000e+00 
   132 :  3.9285714e-01  0.0000000e+00 
   133 :  3.2142857e-01  0.0000000e+00 
   134 :  2.5000000e-01  0.0000000e+00 
   135 :  1.7857143e-01  0.0000000e+00 
   136 :  1.0714286e-01  0.0000000e+00 
   137 :  7.1428571e-02  0.0000000e+00 
   138 :  1.4285714e-01  0.0000000e+00 
   139 :  2.1428571e-01  0.0000000e+00 
   140 :  2.8571429e-01  0.0000000e+00 
   141 :  3.5714286e-01  0.0000000e+00 
   142 :  4.2857143e-01  0.0000000e+00 
   143 :  5.0000000e-01  0.0000000e+00 
   144 :  5.7142857e-01  0.0000000e+00 
   145 :  6.4285714e-01  0.0000000e+00 
   146 :  7.1428571e-01  0.0000000e+00 
   147 :  7.8571429e-01  0.0000000e+00 
   148 :  8.5714286e-01  0.0000000e+00 
   149 :  9.2857143e-01  0.0000000e+00 
   150 :  2.0220461e-01  2.3792358e-01 
   151 :  2.4366338e-01  1.9452492e-01 
   152 :  1.8391401e-01  9.3174782e-01 
   153 :  3.2519496e-01  9.6920277e-01 
   154 :  7.3418532e-02  9.2927061e-01 
   155 :  6.3785693e-02  4.4959194e-01 
   156 :  5.2990345e-02  3.2447346e-01 
   157 :  2.5916960e-02  3.5452095e-01 
   158 :  6.8115197e-02  5.6204658e-01 
   159 :  5.0282221e-01  9.4115849e-01 
   160 :  9.2858584e-01  8.1252897e-01 
   161 :  5.0469414e-01  8.8268252e-01 
   162 :  8.5718331e-01  8.1258288e-01 
   163 :  2.1203392e-01  7.5647681e-02 
   164 :  4.2839849e-01  1.9981791e-01 
   165 :  8.9285638e-01  3.1262381e-02 
   166 :  1.7267241e-01  1.5301864e-01 
   167 :  6.1391663e-02  2.5766444e-01 
   168 :  5.7518131e-02  2.9259080e-01 
   169 :  1.8416778e-01  3.2999707e-01 
   170 :  6.4283386e-01  1.8807823e-01 
   171 :  3.5673131e-01  2.1622993e-01 
   172 :  3.5603992e-01  1.0680148e-01 
   173 :  3.2029993e-01  7.2768872e-02 
   174 :  3.9997082e-01  7.7975151e-01 
   175 :  3.2912099e-01  9.3863735e-01 
   176 :  2.5352264e-01  9.6742956e-01 
   177 :  2.7903823e-02  3.8682224e-01 
   178 :  2.0776994e-01  3.8239741e-01 
   179 :  1.4827350e-01  6.6859398e-01 
   180 :  1.9530446e-01  4.6630113e-01 
   181 :  1.0622785e-01  3.7142691e-02 
   182 :  3.5673124e-01  3.5482462e-02 
   183 :  7.1460300e-01  8.4441860e-01 
   184 :  7.5008436e-01  7.8143191e-01 
   185 :  8.5719595e-01  8.4385767e-01 
   186 :  5.7289416e-01  8.1635588e-01 
   187 :  8.9289263e-01  8.7507115e-01 
   188 :  7.5015567e-01  9.3780740e-01 
   189 :  7.5020380e-01  8.4417479e-01 
   190 :  6.4368023e-01  8.7667787e-01 
   191 :  7.8576840e-01  7.8136436e-01 
   192 :  3.3668299e-01  7.5667936e-01 
   193 :  2.1242114e-01  6.1950823e-01 
   194 :  2.0324426e-01  5.8129213e-01 
   195 :  7.1691153e-02  6.3647183e-01 
   196 :  7.5066267e-02  7.1118549e-01 
   197 :  7.1460085e-01  9.0687854e-01 
   198 :  7.1427027e-01  1.2532040e-01 
   199 :  4.2814713e-01  1.6762147e-01 
   200 :  4.6412052e-01  1.9474645e-01 
   201 :  4.6404140e-01  6.6240582e-02 
   202 :  2.8099837e-01  2.3673333e-01 
   203 :  4.3372403e-01  9.4177294e-01 
   204 :  4.3863886e-01  8.8527139e-01 
   205 :  5.0392028e-01  8.2395787e-01 
   206 :  3.3950992e-02  1.4504250e-01 
   207 :  5.7135235e-01  1.5808801e-01 
   208 :  5.7137470e-01  1.8899555e-01 
   209 :  4.9983914e-01  6.5131224e-02 
   210 :  4.4254516e-01  7.9388275e-01 
   211 :  8.5713996e-01  1.2505285e-01 
   212 :  4.6396896e-01  9.9117019e-02 
   213 :  7.0037895e-02  7.3454170e-02 
   214 :  2.2594822e-01  6.5996141e-01 
   215 :  4.0243686e-01  9.1247527e-01 
   216 :  6.0841698e-01  8.7756544e-01 
   217 :  6.7894236e-01  9.3821120e-01 
   218 :  6.0834369e-01  8.4639826e-01 
   219 :  6.9154493e-02  1.1030353e-01 
   220 :  5.3557701e-01  1.2789347e-01 
   221 :  7.2423490e-02  9.6466539e-01 
   222 :  4.0959588e-01  8.5740672e-01 
   223 :  9.6428542e-01  1.8750599e-01 
   224 :  7.8571141e-01  3.1299682e-02 
   225 :  1.4058793e-01  7.5127341e-02 
   226 :  6.8009587e-02  1.4727204e-01 
   227 :  1.6676265e-01  5.4787170e-01 
   228 :  7.4998983e-01  1.2520542e-01 
   229 :  3.6824670e-01  9.1081829e-01 
   230 :  4.4265362e-01  8.3335175e-01 
   231 :  1.9741361e-01  5.4352950e-01 
   232 :  1.4920271e-01  8.9566606e-01 
   233 :  3.6069851e-01  9.6995883e-01 
   234 :  3.6435036e-01  9.4017625e-01 
   235 :  3.9269005e-01  2.0705158e-01 
   236 :  2.2812688e-01  8.6579378e-01 
   237 :  1.0521518e-01  7.4376754e-02 
   238 :  9.6428532e-01  1.5625783e-01 
   239 :  5.3565612e-01  3.2193981e-02 
   240 :  2.0622420e-01  1.9470875e-01 
   241 :  2.8447131e-01  6.8420365e-01 
   242 :  2.8946548e-01  9.6832680e-01 
   243 :  1.3007326e-01  3.7541269e-01 
   244 :  9.2667939e-02  2.6295500e-01 
   245 :  8.2149266e-01  8.1263214e-01 
   246 :  5.7273829e-01  9.3967145e-01 
   247 :  8.2151250e-01  9.0641826e-01 
   248 :  1.7619428e-01  7.5591659e-02 
   249 :  4.9991141e-01  3.2613133e-02 
   250 :  5.7134062e-01  1.2687454e-01 
   251 :  6.0711843e-01  3.1676768e-02 
   252 :  6.7854863e-01  9.4203777e-02 
   253 :  3.2503864e-01  7.8424635e-01 
   254 :  2.1741005e-01  9.6660064e-01 
   255 :  2.2422755e-01  8.9966573e-01 
   256 :  7.1441720e-01  7.8154168e-01 
   257 :  9.6429444e-01  8.4376710e-01 
   258 :  9.2857921e-01  7.8126568e-01 
   259 :  8.2149285e-01  9.3762798e-01 
   260 :  7.8570755e-01  1.2513146e-01 
   261 :  9.2857065e-01  6.2513168e-02 
   262 :  3.4536600e-02  1.0872441e-01 
   263 :  1.1476106e-01  7.4809915e-01 
   264 :  3.0269675e-01  8.7444264e-01 
   265 :  4.4086031e-01  8.5844579e-01 
   266 :  1.4300672e-01  6.2934583e-01 
   267 :  1.8668069e-01  6.6530712e-01 
   268 :  2.5769286e-01  3.4820024e-01 
   269 :  2.2095474e-01  3.3781126e-01 
   270 :  6.5392138e-02  4.8725307e-01 
   271 :  1.7820746e-01  6.2505309e-01 
   272 :  1.2491596e-01  2.6970004e-01 
   273 :  9.2482160e-02  4.0001458e-01 
   274 :  2.6593193e-01  8.6995597e-01 
   275 :  8.2142433e-01  9.3827118e-02 
   276 :  6.4282191e-01  9.4450979e-02 
   277 :  5.3559646e-01  1.5917073e-01 
   278 :  3.2085728e-01  3.6291409e-02 
   279 :  1.5463576e-01  7.8702837e-01 
   280 :  1.8119110e-01  9.6590217e-01 
   281 :  4.9981667e-01  1.6090228e-01 
   282 :  1.9943618e-01  4.2548811e-01 
   283 :  2.2505156e-01  4.6491270e-01 
   284 :  1.4178115e-01  3.7488890e-02 
   285 :  3.3166995e-02  1.8137370e-01 
   286 :  9.2857074e-01  1.8751317e-01 
   287 :  1.3831658e-01  5.9077881e-01 
   288 :  1.5299113e-01  7.0864575e-01 
   289 :  7.1427384e-01  6.2722079e-02 
   290 :  9.6428528e-01  1.2500848e-01 
   291 :  8.2142565e-01  1.8755954e-01 
   292 :  8.5714026e-01  1.5629889e-01 
   293 :  2.6822458e-02  3.2237949e-01 
   294 :  3.1788401e-01  7.1175641e-01 
   295 :  1.4492807e-01  9.6535650e-01 
   296 :  1.9581285e-01  7.0813798e-01 
   297 :  7.5015602e-01  8.1283146e-01 
   298 :  6.7895075e-01  8.1334615e-01 
   299 :  3.2097334e-02  2.1761849e-01 
   300 :  2.1063120e-01  1.1418074e-01 
   301 :  6.0708633e-01  1.2620856e-01 
   302 :  9.2857052e-01  1.5626721e-01 
   303 :  1.0236997e-01  1.4947488e-01 
   304 :  3.3339162e-01  9.0840489e-01 
   305 :  1.8974131e-01  8.6252877e-01 
   306 :  3.7413122e-02  7.1272049e-01 
   307 :  1.5131543e-01  8.6026188e-01 
   308 :  9.6429518e-01  8.7501852e-01 
   309 :  6.0829533e-01  9.0840853e-01 
   310 :  6.7877183e-01  9.6912717e-01 
   311 :  6.0807216e-01  8.1477688e-01 
   312 :  9.6429246e-01  9.3751296e-01 
   313 :  9.6428932e-01  7.8125708e-01 
   314 :  8.2142670e-01  3.1281766e-02 
   315 :  2.4692087e-01  1.1357123e-01 
   316 :  4.9988316e-01  1.9166978e-01 
   317 :  1.3064778e-01  2.2997822e-01 
   318 :  4.9996226e-01  2.2146858e-01 
   319 :  5.7140146e-01  2.1960260e-01 
   320 :  6.7855623e-01  1.8786492e-01 
   321 :  5.3567708e-01  2.2021859e-01 
   322 :  7.5020338e-01  9.0665783e-01 
   323 :  5.7220534e-01  7.8374211e-01 
   324 :  7.8584504e-01  8.4402008e-01 
   325 :  6.4284512e-01  2.1906864e-01 
   326 :  2.4906179e-01  3.7453232e-02 
   327 :  6.0712456e-01  2.1926524e-01 
   328 :  2.8073478e-01  2.9690666e-01 
   329 :  3.5906890e-01  2.5387087e-01 
   330 :  7.1427082e-01  9.4042773e-02 
   331 :  3.2323470e-01  2.7145669e-01 
   332 :  7.1462803e-01  8.7570075e-01 
   333 :  7.8584508e-01  9.0651298e-01 
   334 :  5.7212725e-01  9.6986193e-01 
   335 :  1.0398227e-01  1.1179856e-01 
   336 :  3.9220014e-01  1.7292385e-01 
   337 :  3.4992081e-02  7.2449804e-02 
   338 :  7.1428054e-01  2.1887619e-01 
   339 :  9.2857045e-01  9.3767203e-02 
   340 :  6.7856356e-01  2.1894973e-01 
   341 :  3.5889643e-02  6.3972956e-01 
   342 :  7.3550553e-02  6.7380212e-01 
   343 :  3.6733337e-02  6.7622356e-01 
   344 :  4.1294742e-01  7.5932205e-01 
   345 :  3.6998231e-01  7.6985878e-01 
   346 :  3.5057957e-01  7.3203517e-01 
   347 :  8.9288984e-01  8.4381605e-01 
   348 :  8.2151927e-01  8.7518371e-01 
   349 :  8.5716461e-01  7.8129502e-01 
   350 :  8.5714010e-01  9.3798706e-02 
   351 :  6.7855326e-01  6.2842782e-02 
   352 :  2.8337667e-01  1.1201498e-01 
   353 :  8.9285579e-01  6.2522904e-02 
   354 :  6.7877638e-01  7.8172467e-01 
   355 :  7.8585579e-01  8.7528830e-01 
   356 :  8.2151232e-01  8.4392129e-01 
   357 :  2.4968899e-01  7.1022435e-01 
   358 :  1.6983180e-01  1.9310190e-01 
   359 :  3.9386757e-01  2.4056001e-01 
   360 :  5.7318701e-01  9.0937038e-01 
   361 :  8.2146320e-01  7.8132195e-01 
   362 :  6.0760836e-01  9.6955130e-01 
   363 :  8.9288200e-01  8.1255079e-01 
   364 :  8.6641556e-02  2.9876078e-01 
   365 :  3.2744075e-02  4.9377765e-01 
   366 :  1.1642844e-01  3.0878108e-01 
   367 :  6.9484952e-02  3.5055785e-01 
   368 :  1.6372144e-01  4.6913788e-01 
   369 :  5.7330998e-01  8.4794439e-01 
   370 :  7.8581436e-01  8.1270936e-01 
   371 :  7.5022036e-01  8.7545018e-01 
   372 :  8.9287050e-01  7.8127753e-01 
   373 :  7.1452640e-01  9.3797014e-01 
   374 :  6.7906537e-01  8.4480481e-01 
   375 :  8.5718373e-01  9.3758107e-01 
   376 :  8.9288988e-01  9.0631547e-01 
   377 :  8.9288217e-01  9.3754987e-01 
   378 :  9.2859031e-01  8.4378779e-01 
   379 :  9.2858578e-01  9.3752851e-01 
   380 :  8.9285591e-01  1.8752298e-01 
   381 :  3.1938827e-01  1.4718241e-01 
   382 :  7.8570832e-01  1.5637202e-01 
   383 :  2.0880956e-01  1.5368623e-01 
   384 :  1.3913126e-01  1.1307631e-01 
   385 :  6.4282906e-01  6.3026333e-02 
   386 :  7.8570915e-01  6.2592113e-02 
   387 :  2.8172102e-01  1.9166216e-01 
   388 :  6.6461361e-02  1.8431713e-01 
   389 :  3.1988669e-01  2.2666914e-01 
   390 :  1.7744292e-01  3.7688496e-02 
   391 :  8.2142460e-01  1.5632761e-01 
   392 :  2.4805956e-01  7.5197401e-02 
   393 :  7.6165467e-02  7.8536143e-01 
   394 :  3.0859158e-01  8.4371315e-01 
   395 :  3.7255820e-01  8.8209966e-01 
   396 :  2.9774305e-01  9.0551242e-01 
   397 :  3.5634964e-01  7.1055686e-02 
   398 :  7.4999561e-01  3.1327235e-02 
   399 :  6.7854780e-01  1.2549924e-01 
   400 :  5.0147207e-01  9.7055539e-01 
   401 :  4.6821215e-01  9.4169173e-01 
   402 :  4.3117371e-01  9.7078308e-01 
   403 :  4.6630046e-01  9.7077966e-01 
   404 :  5.3766153e-01  9.4041514e-01 
   405 :  5.3674354e-01  9.7021677e-01 
   406 :  6.0764216e-01  7.8261384e-01 
   407 :  6.7905868e-01  9.0721115e-01 
   408 :  7.5867487e-02  8.2186019e-01 
   409 :  2.7815046e-01  8.0440099e-01 
   410 :  3.5084455e-01  8.2148164e-01 
   411 :  8.2142521e-01  6.2558871e-02 
   412 :  5.3560958e-01  6.4302876e-02 
   413 :  5.0172280e-01  7.9237034e-01 
   414 :  5.3805403e-01  8.1916787e-01 
   415 :  5.3690585e-01  7.8621183e-01 
   416 :  3.5587551e-01  1.4282039e-01 
   417 :  5.3563427e-01  1.8996633e-01 
   418 :  7.4999218e-01  6.2643302e-02 
   419 :  9.6428536e-01  6.2506018e-02 
   420 :  5.7134340e-01  9.5395432e-02 
   421 :  9.6428551e-01  3.1253256e-02 
   422 :  2.2069244e-01  9.3320326e-01 
   423 :  2.6130779e-01  9.0247852e-01 
   424 :  6.4325558e-02  2.2126294e-01 
   425 :  8.9285535e-01  1.2503250e-01 
   426 :  8.2142412e-01  1.2508378e-01 
   427 :  6.4282069e-01  1.2577727e-01 
   428 :  8.0822578e-02  3.6928860e-01 
   429 :  3.4184018e-02  5.6680949e-01 
   430 :  6.6685237e-02  5.2475741e-01 
   431 :  3.3449605e-02  5.3032326e-01 
   432 :  2.4176908e-01  3.8821208e-01 
   433 :  7.0767308e-02  3.6703026e-02 
   434 :  2.4553180e-01  1.5307105e-01 
   435 :  3.5370378e-02  3.6214998e-02 
   436 :  7.4999656e-01  2.1883007e-01 
   437 :  4.6400165e-01  1.6362374e-01 
   438 :  4.9978519e-01  1.2942433e-01 
   439 :  3.7825375e-02  7.4915123e-01 
   440 :  6.9807074e-02  5.9924207e-01 
   441 :  3.5008168e-02  6.0326432e-01 
   442 :  4.6428537e-01  2.2458546e-01 
   443 :  2.4409336e-01  6.1201744e-01 
   444 :  1.9473886e-01  5.0541028e-01 
   445 :  2.2613282e-01  5.3941549e-01 
   446 :  2.2348411e-01  5.0243610e-01 
   447 :  8.5714092e-01  1.8753745e-01 
   448 :  7.8570783e-01  9.3870827e-02 
   449 :  2.6044631e-01  6.4812875e-01 
   450 :  1.0243790e-01  3.4590087e-01 
   451 :  1.6571565e-01  4.2631766e-01 
   452 :  1.4838140e-01  3.2119252e-01 
   453 :  4.6009444e-01  7.8205690e-01 
   454 :  4.2496433e-01  7.8735316e-01 
   455 :  4.3963449e-01  7.6960884e-01 
   456 :  1.1427851e-01  8.2262493e-01 
   457 :  1.1494111e-01  7.8575246e-01 
   458 :  3.9061570e-01  8.0279069e-01 
   459 :  1.9736211e-01  7.5064978e-01 
   460 :  1.0866527e-01  9.6495369e-01 
   461 :  7.4999020e-01  9.3938376e-02 
   462 :  3.9231427e-01  6.9285848e-02 
   463 :  2.4336240e-01  7.5684113e-01 
   464 :  2.3252187e-01  8.3126698e-01 
   465 :  3.7551061e-02  8.5746383e-01 
   466 :  7.5222800e-02  8.5795886e-01 
   467 :  6.7856122e-01  3.1433934e-02 
   468 :  7.1427207e-01  1.5654943e-01 
   469 :  4.2837434e-01  3.3849387e-02 
   470 :  1.0015897e-01  1.8740073e-01 
   471 :  1.0742032e-01  6.3305063e-01 
   472 :  1.0168840e-01  5.5721883e-01 
   473 :  1.0430908e-01  5.9508618e-01 
   474 :  2.7139914e-01  8.3728983e-01 
   475 :  3.7750086e-01  8.5429486e-01 
   476 :  1.9276969e-01  8.2688910e-01 
   477 :  1.3721088e-01  1.5148604e-01 
   478 :  8.5714069e-01  6.2537204e-02 
   479 :  7.4999100e-01  1.5644119e-01 
   480 :  6.0671803e-02  4.1254535e-01 
   481 :  1.3047597e-01  4.3093702e-01 
   482 :  3.0648375e-02  2.5354284e-01 
   483 :  8.5714164e-01  3.1270089e-02 
   484 :  3.9206173e-01  1.3849119e-01 
   485 :  5.3558163e-01  9.6235644e-02 
   486 :  1.1335280e-01  7.0978101e-01 
   487 :  1.1065070e-01  6.7129589e-01 
   488 :  6.7855059e-01  1.5671933e-01 
   489 :  8.9285543e-01  9.3779969e-02 
   490 :  1.3453119e-01  1.9046243e-01 
   491 :  2.8790030e-02  2.8868501e-01 
   492 :  5.4910910e-02  3.7989496e-01 
   493 :  6.4360809e-01  9.0770312e-01 
   494 :  9.6429449e-01  9.0626703e-01 
   495 :  6.7910260e-01  8.7608708e-01 
   496 :  8.5720052e-01  8.7511579e-01 
   497 :  5.7339891e-01  8.7885480e-01 
   498 :  2.3756142e-01  7.9545759e-01 
   499 :  3.8337175e-01  8.2773787e-01 
   500 :  3.4392708e-01  8.4958272e-01 
   501 :  4.2808966e-01  1.0129322e-01 
   502 :  6.4282511e-01  1.5698715e-01 
   503 :  5.0480910e-01  8.5352059e-01 
   504 :  5.3875946e-01  8.8060596e-01 
   505 :  5.3868908e-01  8.5029907e-01 
   506 :  5.7136093e-01  6.3711323e-02 
   507 :  2.9341229e-01  9.3682428e-01 
   508 :  4.3622481e-01  9.1317880e-01 
   509 :  3.3823135e-01  8.7865173e-01 
   510 :  3.5599984e-01  1.7924213e-01 
   511 :  7.4373161e-02  8.9373187e-01 
   512 :  2.8695678e-01  7.7136089e-01 
   513 :  1.8676449e-01  8.9736645e-01 
   514 :  6.4344993e-01  8.1387535e-01 
   515 :  5.0394836e-01  9.1186338e-01 
   516 :  5.3837233e-01  9.1057301e-01 
   517 :  9.7049630e-02  2.2540524e-01 
   518 :  2.8254507e-01  1.5086166e-01 
   519 :  3.7952177e-02  7.8543863e-01 
   520 :  2.5723954e-01  9.3494516e-01 
   521 :  1.3098630e-01  4.7392264e-01 
   522 :  9.8129510e-02  4.8048405e-01 
   523 :  4.7188457e-01  8.3015250e-01 
   524 :  4.7138098e-01  8.8453496e-01 
   525 :  4.7222366e-01  8.5685527e-01 
   526 :  4.2805828e-01  1.3468299e-01 
   527 :  6.4284138e-01  3.1531389e-02 
   528 :  5.7139077e-01  3.1889796e-02 
   529 :  4.2820515e-01  6.7641393e-02 
   530 :  4.6995150e-01  9.1288622e-01 
   531 :  4.6395156e-01  1.3164738e-01 
   532 :  9.2857098e-01  3.1257126e-02 
   533 :  4.4351432e-01  8.1116350e-01 
   534 :  1.1171812e-01  8.9449730e-01 
   535 :  6.0709929e-01  6.3302458e-02 
   536 :  7.1452892e-01  8.1302723e-01 
   537 :  9.2859023e-01  9.0628752e-01 
   538 :  9.6429239e-01  8.1251305e-01 
   539 :  9.2859186e-01  8.7504080e-01 
   540 :  6.4316378e-01  9.6930684e-01 
   541 :  6.4342625e-01  9.3855913e-01 
   542 :  1.5489139e-01  7.4853088e-01 
   543 :  3.1585682e-01  8.1351640e-01 
   544 :  7.8581449e-01  9.3769931e-01 
   545 :  7.1427574e-01  1.8773151e-01 
   546 :  3.9256950e-01  3.4640846e-02 
   547 :  4.6415260e-01  3.3164779e-02 
   548 :  6.4317716e-01  7.8204017e-01 
   549 :  1.7147518e-01  5.8623650e-01 
   550 :  1.4705153e-01  9.3063137e-01 
   551 :  1.3227492e-01  5.1377923e-01 
   552 :  4.9941817e-02  3.5228581e-01 
   553 :  9.9677363e-02  5.1914542e-01 
   554 :  3.9212757e-01  1.0391652e-01 
   555 :  3.1978727e-01  1.0963469e-01 
   556 :  6.0708814e-01  9.4827746e-02 
   557 :  3.5940890e-01  7.9473785e-01 
   558 :  3.7152639e-02  8.9322968e-01 
   559 :  6.0709346e-01  1.5741159e-01 
   560 :  1.9542795e-01  2.8367829e-01 
   561 :  1.5889823e-01  2.7710840e-01 
   562 :  4.1368762e-01  8.3191731e-01 
   563 :  2.3499005e-01  2.8968934e-01 
   564 :  1.7467656e-01  1.1394601e-01 
   565 :  3.1856934e-02  4.5725052e-01 
   566 :  1.7113089e-01  3.7837663e-01 
   567 :  1.6415565e-01  5.0914813e-01 
   568 :  3.8254597e-01  7.4746730e-01 
   569 :  9.2857042e-01  1.2501864e-01 
   570 :  3.1926887e-01  1.8589701e-01 
   571 :  6.0710725e-01  1.8842397e-01 
   572 :  1.6556606e-01  2.3444772e-01 
   573 :  4.1845329e-01  8.0846528e-01 
   574 :  1.1020495e-01  9.2982779e-01 
   575 :  4.0588529e-01  8.8440838e-01 
   576 :  1.9557900e-01  7.8989157e-01 
   577 :  1.1312421e-01  8.5881788e-01 
   578 :  9.6428528e-01  9.3757843e-02 
   579 :  2.3293612e-01  5.7589254e-01 
   580 :  4.6898395e-01  8.0490574e-01 
   581 :  2.9949807e-01  7.3895676e-01 
   582 :  3.9600298e-01  9.7050614e-01 
   583 :  2.8495794e-01  3.6974513e-02 
   584 :  3.0329019e-02  4.2116731e-01 
   585 :  7.8480494e-02  3.2986708e-01 
   586 :  8.5719624e-01  9.0635635e-01 
   587 :  7.1427904e-01  3.1369482e-02 
   588 :  2.8418198e-01  7.4211119e-02 
   589 :  1.5323486e-01  8.2415920e-01 
   590 :  6.4362659e-01  8.4541921e-01 
   591 :  4.9979410e-01  9.7445434e-02 
   592 :  3.9916860e-01  9.4126211e-01 
   593 :  9.6461276e-02  4.4083765e-01 
   594 :  3.7838612e-02  8.2154260e-01 
   595 :  7.8570991e-01  1.8759378e-01 
   596 :  7.5945351e-02  7.4844141e-01 
   597 :  4.2886856e-01  2.3084641e-01 
   598 :  2.3104053e-01  4.2684415e-01 
   599 :  2.4073835e-01  2.3939867e-01 
   600 :  1.3468935e-01  5.5244813e-01 
   601 :  7.4999341e-01  1.8764730e-01 
   602 :  2.1321068e-01  3.7689210e-02 
   603 :  6.0801030e-01  9.3904184e-01 
   604 :  8.9285552e-01  1.5628003e-01 
   605 :  7.1441599e-01  9.6900091e-01 
   606 :  7.5008435e-01  9.6891490e-01 
   607 :  7.8576861e-01  9.6885730e-01 
   608 :  8.2146344e-01  9.6881904e-01 
   609 :  8.5716498e-01  9.6879377e-01 
   610 :  8.9287065e-01  9.6877687e-01 
   611 :  9.2857920e-01  9.6876532e-01 
   612 :  9.6428941e-01  9.6875698e-01 
   613 :  7.8571199e-01  2.1880088e-01 
   614 :  8.2142705e-01  2.1878229e-01 
   615 :  8.5714184e-01  2.1877030e-01 
   616 :  8.9285649e-01  2.1876244e-01 
   617 :  9.2857106e-01  2.1875712e-01 
   618 :  9.6428556e-01  2.1875324e-01 
   619 :  3.6692491e-02  9.2887938e-01 
   620 :  3.6205104e-02  9.6445557e-01 
Number of edges 150 
     0 :      0      8 
     1 :      8     22 
     2 :     22     21 
     3 :     21     23 
     4 :     23     20 
     5 :     20     24 
     6 :     24     19 
     7 :     19     25 
     8 :     25     18 
     9 :     18     26 
    10 :     26     17 
    11 :     17     27 
    12 :     27     16 
    13 :     16     28 
    14 :     28     15 
    15 :     15     29 
    16 :     29     14 
    17 :     14     30 
    18 :     30     13 
    19 :     13     31 
    20 :     31     12 
    21 :     12     32 
    22 :     32     11 
    23 :     11     33 
    24 :     33     10 
    25 :     10     34 
    26 :     34      9 
    27 :      9      1 
    28 :      2     35 
    29 :     35     49 
    30 :     49     48 
    31 :     48     50 
    32 :     50     47 
    33 :     47     51 
    34 :     51     46 
    35 :     46     52 
    36 :     52     45 
    37 :     45     53 
    38 :     53     44 
    39 :     44     54 
    40 :     54     43 
    41 :     43     55 
    42 :     55     42 
    43 :     42     56 
    44 :     56     41 
    45 :     41     57 
    46 :     57     40 
    47 :     40     58 
    48 :     58     39 
    49 :     39     59 
    50 :     59     38 
    51 :     38     60 
    52 :     60     37 
    53 :     37     61 
    54 :     61     36 
    55 :     36      0 
    56 :      3     62 
    57 :     62     66 
    58 :     66     63 
    59 :     63     67 
    60 :     67     64 
    61 :     64     68 
    62 :     68     65 
    63 :     65      2 
    64 :      3     69 
    65 :     69     76 
    66 :     76     70 
    67 :     70     77 
    68 :     77     71 
    69 :     71     78 
    70 :     78     72 
    71 :     72     79 
    72 :     79     73 
    73 :     73     80 
    74 :     80     74 
    75 :     74     81 
    76 :     81     75 
    77 :     75      4 
    78 :      4     82 
    79 :     82     93 
    80 :     93     92 
    81 :     92     94 
    82 :     94     91 
    83 :     91     95 
    84 :     95     90 
    85 :     90     96 
    86 :     96     89 
    87 :     89     97 
    88 :     97     88 
    89 :     88     98 
    90 :     98     87 
    91 :     87     99 
    92 :     99     86 
    93 :     86    100 
    94 :    100     85 
    95 :     85    101 
    96 :    101     84 
    97 :     84    102 
    98 :    102     83 
    99 :     83      5 
   100 :      5    103 
   101 :    103    110 
   102 :    110    104 
   103 :    104    111 
   104 :    111    105 
   105 :    105    112 
   106 :    112    106 
   107 :    106    113 
   108 :    113    107 
   109 :    107    114 
   110 :    114    108 
   111 :    108    115 
   112 :    115    109 
   113 :    109      6 
   114 :      7    116 
   115 :    116    120 
   116 :    120    117 
   117 :    117    121 
   118 :    121    118 
   119 :    118    122 
   120 :    122    119 
   121 :    119      6 
   122 :      1    123 
   123 :    123    137 
   124 :    137    136 
   125 :    136    138 
   126 :    138    135 
   127 :    135    139 
   128 :    139    134 
   129 :    134    140 
   130 :    140    133 
   131 :    133    141 
   132 :    141    132 
   133 :    132    142 
   134 :    142    131 
   135 :    131    143 
   136 :    143    130 
   137 :    130    144 
   138 :    144    129 
   139 :    129    145 
   140 :    145    128 
   141 :    128    146 
   142 :    146    127 
   143 :    127    147 
   144 :    147    126 
   145 :    126    148 
   146 :    148    125 
   147 :    125    149 
   148 :    149    124 
   149 :    124      7 
Number of quads 545 
     0 :    201    209    591    212
     1 :    528    251    535    506
     2 :    456    457    279    589
     3 :    153    175    234    233
     4 :    410    557    458    499
     5 :    519    439    596    393
     6 :    258    372     70     76
     7 :    610    609    375    377
     8 :    611    610    377    379
     9 :    309    360    497    216
    10 :    324    189    297    370
    11 :    548    406     74     80
    12 :    197    407    495    332
    13 :    376    586    496    187
    14 :    469    547    201    529
    15 :    133    141    182    278
    16 :    291    447    615    614
    17 :    502    488    320    170
    18 :    145    128    467    527
    19 :    318    321    103      5
    20 :    321    319    110    103
    21 :    366    364    244    272
    22 :    598    432     99     87
    23 :    598     87     98    283
    24 :     98     88    446    283
    25 :    184    256     79     72
    26 :     63    257    538     66
    27 :    369    505    414    186
    28 :    245    370    191    361
    29 :    127    147    224    398
    30 :    319    327    104    110
    31 :    327    325    111    104
    32 :    300    315    434    383
    33 :    209    412    485    591
    34 :    328    331     85    100
    35 :    331    329    101     85
    36 :    123    137    433    435
    37 :    605    310    217    373
    38 :    256    354     73     79
    39 :    257    378    160    538
    40 :    609    608    259    375
    41 :    425    569    302    604
    42 :    434    518    387    151
    43 :    125    149    532    165
    44 :    228    260    382    479
    45 :    325    340    105    111
    46 :    340    338    112    105
    47 :    501    212    531    526
    48 :    195    342    343    341
    49 :    341    343     18     26
    50 :    343    306     25     18
    51 :    342    196    306    343
    52 :    439    306    196    596
    53 :    357    214    449    241
    54 :    568     92     93    344
    55 :    357    241    294    581
    56 :    590    218    311    514
    57 :    494    537    539    308
    58 :    297    536    256    184
    59 :    334    405    404    246
    60 :    235    164    597    359
    61 :    239    528    506    412
    62 :    281    277    417    316
    63 :    308    539    378    257
    64 :    347    185    162    363
    65 :    406    323     81     74
    66 :    247    333    355    348
    67 :     39    176    242     58
    68 :    296    288    179    267
    69 :    192    346    568    345
    70 :    286    223    618    617
    71 :    124      7    116    421
    72 :     11    285    299     32
    73 :    468    479    601    545
    74 :    359     84    101    329
    75 :    531    438    281    437
    76 :    359    597    102     84
    77 :    612    611    379    312
    78 :    259    544    333    247
    79 :    608    607    544    259
    80 :    373    217    407    197
    81 :    189    183    536    297
    82 :    539    187    347    378
    83 :    603    246    360    309
    84 :    361    191     78     71
    85 :    260    426    391    382
    86 :    364    585    156    168
    87 :    273    480    492    428
    88 :    482    299    424    167
    89 :    368    180    444    567
    90 :    298    514    548    354
    91 :    541    603    309    493
    92 :    538    160    258    313
    93 :    191    184     72     78
    94 :     44     54    334    362
    95 :    586    247    348    496
    96 :    332    495    374    183
    97 :    186    414    415    323
    98 :     52     45    310    605
    99 :    323    415     75     81
   100 :     45     53    540    310
   101 :    354    548     80     73
   102 :    378    347    363    160
   103 :     67    308    257     63
   104 :    606    605    373    188
   105 :     64    494    308     67
   106 :    421    116    120    419
   107 :    278    182    397    173
   108 :    448    275    426    260
   109 :    151    387    202    599
   110 :    166    383    240    358
   111 :     10    262    206     33
   112 :    212    591    438    531
   113 :    447    380    616    615
   114 :    532    421    419    261
   115 :    106    112    338    436
   116 :    571    170    325    327
   117 :    225    248    564    384
   118 :    330    461    228    198
   119 :    351    289    330    252
   120 :    131    143    249    547
   121 :    144    129    251    528
   122 :    132    142    469    546
   123 :    335    384    477    303
   124 :    139    134    326    602
   125 :    599    202    328    563
   126 :    464    498    409    474
   127 :    582    592    203    402
   128 :    236    464    474    274
   129 :    395    475    222    575
   130 :    129    145    527    251
   131 :    483    165    353    478
   132 :    477    166    358    490
   133 :    588    173    555    352
   134 :     56    402    403     42
   135 :     42    403    400     55
   136 :    403    401    159    400
   137 :    402    203    401    403
   138 :     55    400    405     43
   139 :    160    363    372    258
   140 :     65    612    312     68
   141 :    400    159    404    405
   142 :    496    348    356    185
   143 :     62    313     69      3
   144 :    190    216    218    590
   145 :    313    258     76     69
   146 :     21     23    465    558
   147 :    512    581    192    253
   148 :    264    394    500    509
   149 :    499    458    573    562
   150 :    488    468    545    320
   151 :    150    599    563    560
   152 :    333    322    371    355
   153 :     75    415    413      4
   154 :    415    414    205    413
   155 :    407    493    190    495
   156 :    165    532    261    353
   157 :    399    198    468    488
   158 :    358    240    150    572
   159 :    220    250    207    277
   160 :    142    131    547    469
   161 :    276    252    399    427
   162 :    170    320    340    325
   163 :    211    425    604    292
   164 :    390    602    163    248
   165 :    394    543    410    500
   166 :    253    192    345    557
   167 :     19     25    306    439
   168 :    385    351    252    276
   169 :    277    207    208    417
   170 :    591    485    220    438
   171 :     33    206    285     11
   172 :    224    314    411    386
   173 :    292    604    380    447
   174 :    381    416    510    570
   175 :    244    364    168    167
   176 :    431    430    158    429
   177 :    451    282    180    368
   178 :    177     14     30    157
   179 :    268     86     99    432
   180 :    282    178    432    598
   181 :    143    130    239    249
   182 :    237    225    384    335
   183 :    146    127    398    587
   184 :    490    358    572    317
   185 :    526    531    437    199
   186 :    339    578    290    569
   187 :    181    284    225    237
   188 :    140    133    278    583
   189 :    462    529    501    554
   190 :    262    219    226    206
   191 :    289    418    461    330
   192 :    383    434    151    240
   193 :     36    620    221     61
   194 :    158    440    441    429
   195 :    429    441     17     27
   196 :    441    341     26     17
   197 :    440    195    341    441
   198 :    506    535    556    420
   199 :    442    318      5     83
   200 :    445    446     88     97
   201 :    579    445     97     89
   202 :    446    444    180    283
   203 :    423    274    264    396
   204 :    303    477    490    470
   205 :    412    506    420    485
   206 :    392    588    352    315
   207 :    461    448    260    228
   208 :     90    449    443     96
   209 :    294     91     94    346
   210 :    266    471    473    287
   211 :    243    566    451    481
   212 :    492    177    157    552
   213 :    167    424    517    244
   214 :    169    560    563    269
   215 :    431    429     27     16
   216 :    491    293     13     31
   217 :     41    582    402     56
   218 :    210    454    455    453
   219 :    453    455     82      4
   220 :    455    344     93     82
   221 :    454    174    344    455
   222 :     60    295    280     38
   223 :    305    476    464    236
   224 :     59    254    176     39
   225 :    466    408    456    577
   226 :    576    459    463    498
   227 :    295    550    152    280
   228 :    215    575    204    508
   229 :    242    507    175    153
   230 :    589    279    576    476
   231 :    534    577    307    232
   232 :    280    152    422    254
   233 :    574    534    232    550
   234 :    261    419    578    339
   235 :    315    352    518    434
   236 :    234    229    215    592
   237 :    263    486    288    542
   238 :    175    304    229    234
   239 :    346     94     92    568
   240 :    437    281    316    200
   241 :    208    571    327    319
   242 :    510    336    235    171
   243 :    195    440    473    471
   244 :    179    288    486    487
   245 :    440    158    472    473
   246 :    558    465    466    511
   247 :    396    264    509    304
   248 :    620    619    154    221
   249 :    229    395    575    215
   250 :    200    316    318    442
   251 :    554    501    526    484
   252 :    397    462    554    172
   253 :    337    213    219    262
   254 :    168    156    293    491
   255 :    428    492    552    367
   256 :     12     32    299    482
   257 :    521    368    567    551
   258 :    149    124    421    532
   259 :    172    554    484    416
   260 :    198    228    479    468
   261 :    196    342    487    486
   262 :    179    487    471    266
   263 :    307    589    476    305
   264 :    342    195    471    487
   265 :    219    335    303    226
   266 :    398    224    386    418
   267 :    202    389    331    328
   268 :    352    555    381    518
   269 :    452    366    272    561
   270 :    268    328    100     86
   271 :    269    268    432    178
   272 :    607    606    188    544
   273 :    372    349     77     70
   274 :    544    188    322    333
   275 :    497    504    505    369
   276 :    185    356    245    162
   277 :    312    379    537    494
   278 :    183    374    298    536
   279 :    218    369    186    311
   280 :    529    201    212    501
   281 :    602    326    392    163
   282 :    173    397    172    555
   283 :    384    564    166    477
   284 :     58    242    153     40
   285 :    465    594    408    466
   286 :    194    231    445    579
   287 :    577    456    589    307
   288 :    243    452    169    566
   289 :    565     15     29    584
   290 :    207    559    571    208
   291 :    205    414    505    503
   292 :    503    505    504    161
   293 :    537    376    187    539
   294 :    322    197    332    371
   295 :    559    502    170    571
   296 :    350    489    425    211
   297 :    555    172    416    381
   298 :    527    467    351    385
   299 :    542    288    296    459
   300 :    549    287    600    227
   301 :    287    473    472    600
   302 :    549    227    231    194
   303 :    221    154    574    460
   304 :     57    233    582     41
   305 :    459    296    357    463
   306 :    232    307    305    513
   307 :    470    490    317    517
   308 :    226    303    470    388
   309 :    382    391    291    595
   310 :    511    466    577    534
   311 :    498    463    512    409
   312 :    233    234    592    582
   313 :     37    460    295     60
   314 :    370    297    184    191
   315 :    495    190    590    374
   316 :    516    515    161    504
   317 :    404    159    515    516
   318 :    418    386    448    461
   319 :    546    469    529    462
   320 :    206    226    388    285
   321 :    564    300    383    166
   322 :    274    474    394    264
   323 :     24     19    439    519
   324 :    507    396    304    175
   325 :     23     20    594    465
   326 :    167    168    491    482
   327 :    553    430    270    522
   328 :    450    585    364    366
   329 :    584     29     14    177
   330 :    161    524    525    503
   331 :    503    525    523    205
   332 :    525    265    230    523
   333 :    524    204    265    525
   334 :    213    237    335    219
   335 :    302    238    223    286
   336 :    141    132    546    182
   337 :    285    388    424    299
   338 :    422    255    423    520
   339 :    600    472    553    551
   340 :    420    556    301    250
   341 :    389    171    329    331
   342 :    171    235    359    329
   343 :    484    526    199    336
   344 :    159    401    530    515
   345 :    515    530    524    161
   346 :    530    508    204    524
   347 :    401    203    508    530
   348 :    134    140    583    326
   349 :    535    385    276    556
   350 :    284    390    248    225
   351 :    500    410    499    475
   352 :    594    519    393    408
   353 :    152    513    255    422
   354 :    475    499    562    222
   355 :    386    411    275    448
   356 :    251    527    385    535
   357 :    540    362    603    541
   358 :    536    298    354    256
   359 :    348    355    324    356
   360 :    371    332    183    189
   361 :    217    541    493    407
   362 :    514    311    406    548
   363 :    379    377    376    537
   364 :    356    324    370    245
   365 :    216    497    369    218
   366 :     53     44    362    540
   367 :    493    309    216    190
   368 :    360    516    504    497
   369 :    509    500    475    395
   370 :    255    236    274    423
   371 :    349    361     71     77
   372 :    355    371    189    324
   373 :    246    404    516    360
   374 :     66    538    313     62
   375 :    587    398    418    289
   376 :    249    239    412    209
   377 :      9    435    337     34
   378 :    311    186    323    406
   379 :    310    540    541    217
   380 :    187    496    185    347
   381 :    374    590    514    298
   382 :    520    423    396    507
   383 :    393    596    263    457
   384 :    345    568    344    174
   385 :    231    444    446    445
   386 :    581    294    346    192
   387 :     61    221    460     37
   388 :    430    553    472    158
   389 :    243    273    428    450
   390 :    433    181    237    213
   391 :    391    292    447    291
   392 :    135    139    602    390
   393 :    365     28     15    565
   394 :    320    545    338    340
   395 :    467    587    289    351
   396 :    479    382    595    601
   397 :    156    552    157    293
   398 :     22     21    558    619
   399 :    474    409    543    394
   400 :    279    542    459    576
   401 :    460    574    550    295
   402 :    583    278    173    588
   403 :    326    583    588    392
   404 :    435    433    213    337
   405 :    301    427    502    559
   406 :    290    121    118    238
   407 :    270    365    565    155
   408 :    595    291    614    613
   409 :    193    194    579    443
   410 :    269    563    328    268
   411 :    481    451    368    521
   412 :    136    138    284    181
   413 :    556    276    427    301
   414 :    128    146    587    467
   415 :    248    163    300    564
   416 :    113    106    436    613
   417 :    240    151    599    150
   418 :    244    517    317    272
   419 :    482    491     31     12
   420 :    243    450    366    452
   421 :    478    353    489    350
   422 :    252    330    198    399
   423 :    452    561    560    169
   424 :    293    157     30     13
   425 :    357    296    267    214
   426 :    304    509    395    229
   427 :     40    153    233     57
   428 :    250    301    559    207
   429 :    489    339    569    425
   430 :    199    437    200    164
   431 :    314    483    478    411
   432 :    275    350    211    426
   433 :    545    601    436    338
   434 :    164    200    442    597
   435 :      1    123    435      9
   436 :    380    286    617    616
   437 :    163    392    315    300
   438 :    547    249    209    201
   439 :     34    337    262     10
   440 :    254    422    520    176
   441 :    241     95     91    294
   442 :    463    357    581    512
   443 :    408    393    457    456
   444 :    550    232    513    152
   445 :    575    222    265    204
   446 :    222    562    230    265
   447 :    130    144    528    239
   448 :    148    125    165    483
   449 :    353    261    339    489
   450 :    578    117    121    290
   451 :    601    595    613    436
   452 :    604    302    286    380
   453 :    579     89     96    443
   454 :    154    511    534    574
   455 :    210    453    580    533
   456 :    533    580    523    230
   457 :    580    413    205    523
   458 :    453      4    413    580
   459 :    557    345    174    458
   460 :    619    558    511    154
   461 :    214    193    443    449
   462 :    562    573    533    230
   463 :    241    449     90     95
   464 :    417    208    319    321
   465 :    317    572    561    272
   466 :    450    428    367    585
   467 :    481    521    522    593
   468 :    593    155    480    273
   469 :    431     16     28    365
   470 :    566    178    282    451
   471 :    585    367    552    156
   472 :    566    169    269    178
   473 :    363    162    349    372
   474 :    162    245    361    349
   475 :     68    312    494     64
   476 :    416    484    336    510
   477 :    137    136    181    433
   478 :    316    417    321    318
   479 :    238    118    122    223
   480 :    223    122    119    618
   481 :    176    520    507    242
   482 :    457    263    542    279
   483 :    458    174    454    573
   484 :    362    334    246    603
   485 :    188    373    197    322
   486 :    572    150    560    561
   487 :    427    399    488    502
   488 :    182    546    462    397
   489 :    573    454    210    533
   490 :    592    215    508    203
   491 :    543    253    557    410
   492 :    243    481    593    273
   493 :    480    584    177    492
   494 :    271    549    194    193
   495 :     20     24    519    594
   496 :    267    271    193    214
   497 :    155    565    584    480
   498 :    147    126    314    224
   499 :    596    196    486    263
   500 :     38    280    254     59
   501 :    518    381    570    387
   502 :    485    420    250    220
   503 :    409    512    253    543
   504 :    513    305    236    255
   505 :    476    576    498    464
   506 :    388    470    517    424
   507 :    597    442     83    102
   508 :    521    551    553    522
   509 :    430    431    365    270
   510 :    283    180    282    598
   511 :    126    148    483    314
   512 :    438    220    277    281
   513 :    387    570    389    202
   514 :    227    567    444    231
   515 :    271    266    287    549
   516 :    227    600    551    567
   517 :    419    120    117    578
   518 :    569    290    238    302
   519 :    411    478    350    275
   520 :    522    270    155    593
   521 :    138    135    390    284
   522 :    267    179    266    271
   523 :    377    375    586    376
   524 :     54     43    405    334
   525 :    375    259    247    586
   526 :    570    510    171    389
   527 :    426    211    292    391
   528 :    336    199    164    235
   529 :     46     52    605    606
   530 :     51     46    606    607
   531 :     47     51    607    608
   532 :     50     47    608    609
   533 :     48     50    609    610
   534 :     49     48    610    611
   535 :     35     49    611    612
   536 :      2     35    612     65
   537 :    107    113    613    614
   538 :    114    107    614    615
   539 :    108    114    615    616
   540 :    115    108    616    617
   541 :    109    115    617    618
   542 :      6    109    618    119
   543 :      8     22    619    620
   544 :      0      8    620     36
Number of domains 8
  Domain :      0 
  Name : Symmetry
  Number of elements :     28
     0     1     2     3     4     5     6     7     8     9
    10    11    12    13    14    15    16    17    18    19
    20    21    22    23    24    25    26    27
  Domain :      1 
  Name : Entity 1 
  Number of elements :     28
    28    29    30    31    32    33    34    35    36    37
    38    39    40    41    42    43    44    45    46    47
    48    49    50    51    52    53    54    55
  Domain :      2 
  Name : Entity 2 
  Number of elements :      8
    56    57    58    59    60    61    62    63
  Domain :      3 
  Name : Entity 3 
  Number of elements :     14
    64    65    66    67    68    69    70    71    72    73
    74    75    76    77
  Domain :      4 
  Name : Entity 4 
  Number of elements :     22
    78    79    80    81    82    83    84    85    86    87
    88    89    90    91    92    93    94    95    96    97
    98    99
  Domain :      5 
  Name : Entity 5 
  Number of elements :     14
   100   101   102   103   104   105   106   107   108   109
   110   111   112   113
  Domain :      6 
  Name : Entity 6 
  Number of elements :      8
   114   115   116   117   118   119   120   121
  Domain :      7 
  Name : Bottom
  Number of elements :     28
   122   123   124   125   126   127   128   129   130   131
   132   133   134   135   136   137   138   139   140   141
   142   143   144   145   146   147   148   149
