Number of nodes 264 
     0 :  5.0000000e+00  1.0000000e+00 
     1 :  5.0000000e+00  3.9000000e+00 
     2 :  8.0000000e+00  6.0000000e+00 
     3 :  8.0000000e+00  1.0000000e+00 
     4 :  0.0000000e+00  0.0000000e+00 
     5 :  9.0000000e+00  0.0000000e+00 
     6 :  0.0000000e+00  1.0000000e+00 
     7 :  9.0000000e+00  7.0000000e+00 
     8 :  8.0000000e+00  7.0000000e+00 
     9 :  4.0000000e+00  1.0000000e+00 
    10 :  1.0000000e+00  1.0000000e+00 
    11 :  4.0000000e+00  3.2000000e+00 
    12 :  5.0000000e+00  1.3625000e+00 
    13 :  5.0000000e+00  1.7250000e+00 
    14 :  5.0000000e+00  2.0875000e+00 
    15 :  5.0000000e+00  2.4500000e+00 
    16 :  5.0000000e+00  2.8125000e+00 
    17 :  5.0000000e+00  3.1750000e+00 
    18 :  5.0000000e+00  3.5375000e+00 
    19 :  5.3000000e+00  4.1100000e+00 
    20 :  5.6000000e+00  4.3200000e+00 
    21 :  5.9000000e+00  4.5300000e+00 
    22 :  6.2000000e+00  4.7400000e+00 
    23 :  6.5000000e+00  4.9500000e+00 
    24 :  6.8000000e+00  5.1600000e+00 
    25 :  7.1000000e+00  5.3700000e+00 
    26 :  7.4000000e+00  5.5800000e+00 
    27 :  7.7000000e+00  5.7900000e+00 
    28 :  8.0000000e+00  5.6153846e+00 
    29 :  8.0000000e+00  5.2307692e+00 
    30 :  8.0000000e+00  4.8461538e+00 
    31 :  8.0000000e+00  4.4615385e+00 
    32 :  8.0000000e+00  4.0769231e+00 
    33 :  8.0000000e+00  3.6923077e+00 
    34 :  8.0000000e+00  3.3076923e+00 
    35 :  8.0000000e+00  2.9230769e+00 
    36 :  8.0000000e+00  2.5384615e+00 
    37 :  8.0000000e+00  2.1538462e+00 
    38 :  8.0000000e+00  1.7692308e+00 
    39 :  8.0000000e+00  1.3846154e+00 
    40 :  7.6250000e+00  1.0000000e+00 
    41 :  7.2500000e+00  1.0000000e+00 
    42 :  6.8750000e+00  1.0000000e+00 
    43 :  6.5000000e+00  1.0000000e+00 
    44 :  6.1250000e+00  1.0000000e+00 
    45 :  5.7500000e+00  1.0000000e+00 
    46 :  5.3750000e+00  1.0000000e+00 
    47 :  3.9130435e-01  0.0000000e+00 
    48 :  7.8260870e-01  0.0000000e+00 
    49 :  1.1739130e+00  0.0000000e+00 
    50 :  1.5652174e+00  0.0000000e+00 
    51 :  1.9565217e+00  0.0000000e+00 
    52 :  2.3478261e+00  0.0000000e+00 
    53 :  2.7391304e+00  0.0000000e+00 
    54 :  3.1304348e+00  0.0000000e+00 
    55 :  3.5217391e+00  0.0000000e+00 
    56 :  3.9130435e+00  0.0000000e+00 
    57 :  4.3043478e+00  0.0000000e+00 
    58 :  4.6956522e+00  0.0000000e+00 
    59 :  5.0869565e+00  0.0000000e+00 
    60 :  5.4782609e+00  0.0000000e+00 
    61 :  5.8695652e+00  0.0000000e+00 
    62 :  6.2608696e+00  0.0000000e+00 
    63 :  6.6521739e+00  0.0000000e+00 
    64 :  7.0434783e+00  0.0000000e+00 
    65 :  7.4347826e+00  0.0000000e+00 
    66 :  7.8260870e+00  0.0000000e+00 
    67 :  8.2173913e+00  0.0000000e+00 
    68 :  8.6086957e+00  0.0000000e+00 
    69 :  0.0000000e+00  6.6666667e-01 
    70 :  0.0000000e+00  3.3333333e-01 
    71 :  9.0000000e+00  3.8888889e-01 
    72 :  9.0000000e+00  7.7777778e-01 
    73 :  9.0000000e+00  1.1666667e+00 
    74 :  9.0000000e+00  1.5555556e+00 
    75 :  9.0000000e+00  1.9444444e+00 
    76 :  9.0000000e+00  2.3333333e+00 
    77 :  9.0000000e+00  2.7222222e+00 
    78 :  9.0000000e+00  3.1111111e+00 
    79 :  9.0000000e+00  3.5000000e+00 
    80 :  9.0000000e+00  3.8888889e+00 
    81 :  9.0000000e+00  4.2777778e+00 
    82 :  9.0000000e+00  4.6666667e+00 
    83 :  9.0000000e+00  5.0555556e+00 
    84 :  9.0000000e+00  5.4444444e+00 
    85 :  9.0000000e+00  5.8333333e+00 
    86 :  9.0000000e+00  6.2222222e+00 
    87 :  9.0000000e+00  6.6111111e+00 
    88 :  7.6800000e+00  6.7600000e+00 
    89 :  7.3600000e+00  6.5200000e+00 
    90 :  7.0400000e+00  6.2800000e+00 
    91 :  6.7200000e+00  6.0400000e+00 
    92 :  6.4000000e+00  5.8000000e+00 
    93 :  6.0800000e+00  5.5600000e+00 
    94 :  5.7600000e+00  5.3200000e+00 
    95 :  5.4400000e+00  5.0800000e+00 
    96 :  5.1200000e+00  4.8400000e+00 
    97 :  4.8000000e+00  4.6000000e+00 
    98 :  4.4800000e+00  4.3600000e+00 
    99 :  4.1600000e+00  4.1200000e+00 
   100 :  3.8400000e+00  3.8800000e+00 
   101 :  3.5200000e+00  3.6400000e+00 
   102 :  3.2000000e+00  3.4000000e+00 
   103 :  2.8800000e+00  3.1600000e+00 
   104 :  2.5600000e+00  2.9200000e+00 
   105 :  2.2400000e+00  2.6800000e+00 
   106 :  1.9200000e+00  2.4400000e+00 
   107 :  1.6000000e+00  2.2000000e+00 
   108 :  1.2800000e+00  1.9600000e+00 
   109 :  9.6000000e-01  1.7200000e+00 
   110 :  6.4000000e-01  1.4800000e+00 
   111 :  3.2000000e-01  1.2400000e+00 
   112 :  8.6666667e+00  7.0000000e+00 
   113 :  8.3333333e+00  7.0000000e+00 
   114 :  3.6250000e+00  1.0000000e+00 
   115 :  3.2500000e+00  1.0000000e+00 
   116 :  2.8750000e+00  1.0000000e+00 
   117 :  2.5000000e+00  1.0000000e+00 
   118 :  2.1250000e+00  1.0000000e+00 
   119 :  1.7500000e+00  1.0000000e+00 
   120 :  1.3750000e+00  1.0000000e+00 
   121 :  4.0000000e+00  2.8333333e+00 
   122 :  4.0000000e+00  2.4666667e+00 
   123 :  4.0000000e+00  2.1000000e+00 
   124 :  4.0000000e+00  1.7333333e+00 
   125 :  4.0000000e+00  1.3666667e+00 
   126 :  1.3000000e+00  1.2200000e+00 
   127 :  1.6000000e+00  1.4400000e+00 
   128 :  1.9000000e+00  1.6600000e+00 
   129 :  2.2000000e+00  1.8800000e+00 
   130 :  2.5000000e+00  2.1000000e+00 
   131 :  2.8000000e+00  2.3200000e+00 
   132 :  3.1000000e+00  2.5400000e+00 
   133 :  3.4000000e+00  2.7600000e+00 
   134 :  3.7000000e+00  2.9800000e+00 
   135 :  4.4862395e+00  3.3356901e-01 
   136 :  5.8275962e-01  3.4265629e-01 
   137 :  8.6585541e+00  6.4058395e+00 
   138 :  8.6182607e+00  6.1917235e-01 
   139 :  8.1105977e+00  6.7057453e+00 
   140 :  4.6860658e+00  1.1812500e+00 
   141 :  4.6860658e+00  1.9062500e+00 
   142 :  4.6860658e+00  2.6312500e+00 
   143 :  4.6824224e+00  3.3411168e+00 
   144 :  5.1719743e+00  6.8995486e-01 
   145 :  3.8174598e+00  6.8349501e-01 
   146 :  5.9233004e+00  6.7330210e-01 
   147 :  3.0766996e+00  6.7330210e-01 
   148 :  8.3251112e+00  5.8076923e+00 
   149 :  1.1883159e+00  6.7451852e-01 
   150 :  2.3176940e+00  6.7323129e-01 
   151 :  6.6823060e+00  6.7323129e-01 
   152 :  7.8144766e+00  6.7034942e-01 
   153 :  8.3395522e+00  1.1996153e+00 
   154 :  7.2391304e+00  3.3887951e-01 
   155 :  1.7608696e+00  3.3887951e-01 
   156 :  8.3315246e+00  1.9560295e+00 
   157 :  8.3315270e+00  5.0439749e+00 
   158 :  8.3318997e+00  2.7289886e+00 
   159 :  8.3318997e+00  4.2710114e+00 
   160 :  8.3331484e+00  3.5000000e+00 
   161 :  4.2486606e+00  3.7590148e+00 
   162 :  4.3175426e+00  1.5500000e+00 
   163 :  4.3175426e+00  2.2833333e+00 
   164 :  4.3220802e+00  3.0295955e+00 
   165 :  4.7152687e+00  8.1658100e-01 
   166 :  2.9330539e-01  8.4534950e-01 
   167 :  8.2002799e+00  6.4382086e-01 
   168 :  7.8911384e+00  6.4137696e+00 
   169 :  4.1969099e+00  6.5208368e-01 
   170 :  7.3728738e+00  5.9370465e+00 
   171 :  6.1364776e+00  5.1343988e+00 
   172 :  6.7593782e+00  5.5699359e+00 
   173 :  8.2574491e+00  6.3877431e+00 
   174 :  5.6996742e+00  3.3468227e-01 
   175 :  3.2908612e+00  3.4457725e-01 
   176 :  5.8218372e+00  4.9165067e+00 
   177 :  8.2055899e-01  6.7217421e-01 
   178 :  2.5254906e+00  3.3603764e-01 
   179 :  6.4745094e+00  3.3603764e-01 
   180 :  4.8361442e+00  4.9721044e-01 
   181 :  8.6724189e+00  5.9986931e+00 
   182 :  5.5230183e+00  4.6892911e+00 
   183 :  4.4743393e+00  3.9979338e+00 
   184 :  6.4020611e-01  1.0181801e+00 
   185 :  8.6651926e+00  1.7549294e+00 
   186 :  8.6658218e+00  5.2433912e+00 
   187 :  9.8818390e-01  3.3847348e-01 
   188 :  8.6642115e+00  9.8089141e-01 
   189 :  7.6268111e+00  3.3682026e-01 
   190 :  4.3219512e+00  2.6650279e+00 
   191 :  4.3172562e+00  1.9171628e+00 
   192 :  4.3180881e+00  1.1950543e+00 
   193 :  8.6651359e+00  4.4682790e+00 
   194 :  8.6651359e+00  2.5317210e+00 
   195 :  4.6860658e+00  2.2687500e+00 
   196 :  4.6815592e+00  2.9803871e+00 
   197 :  4.6860658e+00  1.5437500e+00 
   198 :  8.3328194e+00  3.8849122e+00 
   199 :  8.3327577e+00  3.1150878e+00 
   200 :  1.5625000e+00  6.7523790e-01 
   201 :  1.9375000e+00  6.7524047e-01 
   202 :  7.4363197e+00  6.7021494e-01 
   203 :  7.0625000e+00  6.7524047e-01 
   204 :  8.6662443e+00  3.6930694e+00 
   205 :  8.6662459e+00  3.3070575e+00 
   206 :  8.6654960e+00  5.6261083e+00 
   207 :  1.3789219e+00  3.4054427e-01 
   208 :  8.6660065e+00  2.9193647e+00 
   209 :  8.6660166e+00  4.0806564e+00 
   210 :  8.0113411e+00  3.3107509e-01 
   211 :  6.8582230e+00  3.3533229e-01 
   212 :  2.1417770e+00  3.3533229e-01 
   213 :  8.3326493e+00  2.3425103e+00 
   214 :  8.3326497e+00  4.6574904e+00 
   215 :  7.0681347e+00  5.7348076e+00 
   216 :  8.6674387e+00  1.3684315e+00 
   217 :  6.4459760e+00  5.3623891e+00 
   218 :  8.4755054e+00  6.7090188e+00 
   219 :  8.3313260e+00  5.4278868e+00 
   220 :  8.6658557e+00  4.8558930e+00 
   221 :  8.6662033e+00  2.1444529e+00 
   222 :  4.9690526e+00  4.2634963e+00 
   223 :  8.3339514e+00  1.5721420e+00 
   224 :  2.7021790e+00  6.6864511e-01 
   225 :  6.2978210e+00  6.6864511e-01 
   226 :  4.3213298e+00  3.3954938e+00 
   227 :  2.9144191e+00  3.3327619e-01 
   228 :  6.0839287e+00  3.3153902e-01 
   229 :  5.2466878e+00  3.4377042e-01 
   230 :  4.0631007e+00  3.4122818e-01 
   231 :  8.3951739e+00  3.1305676e-01 
   232 :  5.5277728e+00  6.7361828e-01 
   233 :  3.4534374e+00  6.7993262e-01 
   234 :  2.7519747e-01  5.1440441e-01 
   235 :  7.6624723e+00  6.1426690e+00 
   236 :  9.6920398e-01  1.3344654e+00 
   237 :  3.6381621e+00  3.3139839e+00 
   238 :  1.2811689e+00  1.5765452e+00 
   239 :  5.2186785e+00  4.4704646e+00 
   240 :  1.5901597e+00  1.8064417e+00 
   241 :  3.3339926e+00  3.0888656e+00 
   242 :  1.8985226e+00  2.0344883e+00 
   243 :  3.0935553e+00  2.8533001e+00 
   244 :  2.2066511e+00  2.2624032e+00 
   245 :  4.7047076e+00  3.6864614e+00 
   246 :  2.8004828e+00  2.6834359e+00 
   247 :  2.5178556e+00  2.4943065e+00 
   248 :  3.6766070e+00  3.4153884e-01 
   249 :  3.9280254e+00  3.5314154e+00 
   250 :  5.2402288e-01  6.6666667e-01 
   251 :  8.7150745e+00  2.8427229e-01 
   252 :  8.3737744e+00  8.9816155e-01 
   253 :  4.5121284e+00  6.3742776e-01 
   254 :  4.4113967e+00  9.0974770e-01 
   255 :  8.3844043e+00  6.0897792e+00 
   256 :  8.7601452e+00  6.7451939e+00 
   257 :  2.4985229e-01  2.3807881e-01 
   258 :  7.3582743e+00  6.2173418e+00 
   259 :  4.7406795e+00  4.0480396e+00 
   260 :  4.8836628e+00  2.1139077e-01 
   261 :  7.6151126e+00  6.4146029e+00 
   262 :  7.1056513e+00  6.0261133e+00 
   263 :  4.5019406e+00  1.3675136e+00 
Number of edges 135 
     0 :      0     12 
     1 :     12     13 
     2 :     13     14 
     3 :     14     15 
     4 :     15     16 
     5 :     16     17 
     6 :     17     18 
     7 :     18      1 
     8 :      1     19 
     9 :     19     20 
    10 :     20     21 
    11 :     21     22 
    12 :     22     23 
    13 :     23     24 
    14 :     24     25 
    15 :     25     26 
    16 :     26     27 
    17 :     27      2 
    18 :      2     28 
    19 :     28     29 
    20 :     29     30 
    21 :     30     31 
    22 :     31     32 
    23 :     32     33 
    24 :     33     34 
    25 :     34     35 
    26 :     35     36 
    27 :     36     37 
    28 :     37     38 
    29 :     38     39 
    30 :     39      3 
    31 :      3     40 
    32 :     40     41 
    33 :     41     42 
    34 :     42     43 
    35 :     43     44 
    36 :     44     45 
    37 :     45     46 
    38 :     46      0 
    39 :      4     47 
    40 :     47     48 
    41 :     48     49 
    42 :     49     50 
    43 :     50     51 
    44 :     51     52 
    45 :     52     53 
    46 :     53     54 
    47 :     54     55 
    48 :     55     56 
    49 :     56     57 
    50 :     57     58 
    51 :     58     59 
    52 :     59     60 
    53 :     60     61 
    54 :     61     62 
    55 :     62     63 
    56 :     63     64 
    57 :     64     65 
    58 :     65     66 
    59 :     66     67 
    60 :     67     68 
    61 :     68      5 
    62 :      6     69 
    63 :     69     70 
    64 :     70      4 
    65 :      5     71 
    66 :     71     72 
    67 :     72     73 
    68 :     73     74 
    69 :     74     75 
    70 :     75     76 
    71 :     76     77 
    72 :     77     78 
    73 :     78     79 
    74 :     79     80 
    75 :     80     81 
    76 :     81     82 
    77 :     82     83 
    78 :     83     84 
    79 :     84     85 
    80 :     85     86 
    81 :     86     87 
    82 :     87      7 
    83 :      8     88 
    84 :     88     89 
    85 :     89     90 
    86 :     90     91 
    87 :     91     92 
    88 :     92     93 
    89 :     93     94 
    90 :     94     95 
    91 :     95     96 
    92 :     96     97 
    93 :     97     98 
    94 :     98     99 
    95 :     99    100 
    96 :    100    101 
    97 :    101    102 
    98 :    102    103 
    99 :    103    104 
   100 :    104    105 
   101 :    105    106 
   102 :    106    107 
   103 :    107    108 
   104 :    108    109 
   105 :    109    110 
   106 :    110    111 
   107 :    111      6 
   108 :      7    112 
   109 :    112    113 
   110 :    113      8 
   111 :      9    114 
   112 :    114    115 
   113 :    115    116 
   114 :    116    117 
   115 :    117    118 
   116 :    118    119 
   117 :    119    120 
   118 :    120     10 
   119 :     11    121 
   120 :    121    122 
   121 :    122    123 
   122 :    123    124 
   123 :    124    125 
   124 :    125      9 
   125 :     10    126 
   126 :    126    127 
   127 :    127    128 
   128 :    128    129 
   129 :    129    130 
   130 :    130    131 
   131 :    131    132 
   132 :    132    133 
   133 :    133    134 
   134 :    134     11 
Number of triangles 395 
     0 :    162    197    141
     1 :      0    165    144
     2 :    141    191    162
     3 :    226    245    161
     4 :    141    195    191
     5 :    191    195    163
     6 :    163    195    142
     7 :    142    190    163
     8 :    165    180    144
     9 :    142    196    190
    10 :    135    230     57
    11 :    190    196    164
    12 :    169    230    135
    13 :    164    196    143
    14 :    172    215     91
    15 :     92    172     91
    16 :     88    139      8
    17 :    143    226    164
    18 :     88    168    139
    19 :    184    236    110
    20 :     92    217    172
    21 :     93    217     92
    22 :    143    245    226
    23 :    161    245    183
    24 :     10    236    184
    25 :    103    246    243
    26 :     94    171     93
    27 :    171    217     93
    28 :    104    246    103
    29 :     98    259    222
    30 :     98    222     97
    31 :      2    173    168
    32 :    103    243    241
    33 :    167    231    138
    34 :     97    239     96
    35 :    103    241    102
    36 :    138    252    167
    37 :    135    253    169
    38 :    111    184    110
    39 :    137    218    173
    40 :     94    176    171
    41 :    173    218    139
    42 :    176    182     21
    43 :    104    247    246
    44 :    229    232    144
    45 :     57    230     56
    46 :    222    239     97
    47 :    174    232    229
    48 :     22    176     21
    49 :     21    182     20
    50 :     56    248     55
    51 :    105    247    104
    52 :    102    241    237
    53 :    102    237    101
    54 :    180    229    144
    55 :    171    176     22
    56 :     48    187    136
    57 :    136    187    177
    58 :    174    228    146
    59 :    147    227    175
    60 :    168    173    139
    61 :    148    206    181
    62 :    106    244    105
    63 :      6    166    111
    64 :    244    247    105
    65 :    173    255    137
    66 :      2    255    173
    67 :    168    235      2
    68 :    230    248     56
    69 :    150    212    178
    70 :    179    211    151
    71 :    180    260    229
    72 :    215    262     91
    73 :    146    232    174
    74 :    175    233    147
    75 :     49    187     48
    76 :    146    228    225
    77 :    224    227    147
    78 :     61    228    174
    79 :    175    227     54
    80 :    181    206     85
    81 :    101    249    100
    82 :    169    254      9
    83 :    166    184    111
    84 :    188    216    153
    85 :    178    212     52
    86 :     63    211    179
    87 :     95    176     94
    88 :    178    227    224
    89 :    225    228    179
    90 :    161    183     99
    91 :     48    136     47
    92 :     87    137     86
    93 :    137    181     86
    94 :     95    182    176
    95 :    107    242    106
    96 :    137    255    181
    97 :     49    207    187
    98 :     73    216    188
    99 :    189    202    154
   100 :      9    254    192
   101 :    100    161     99
   102 :     50    207     49
   103 :     99    183     98
   104 :    178    224    150
   105 :    151    225    179
   106 :    201    212    150
   107 :    151    211    203
   108 :    186    220     83
   109 :     75    221    185
   110 :    193    209     81
   111 :     77    208    194
   112 :    155    212    201
   113 :     28    148      2
   114 :    157    220    186
   115 :    185    221    156
   116 :    203    211    154
   117 :    189    210    152
   118 :     58    135     57
   119 :     72    188    138
   120 :     96    182     95
   121 :    242    244    106
   122 :    159    209    193
   123 :    194    208    158
   124 :     61    174     60
   125 :     55    175     54
   126 :    148    219    206
   127 :     51    155     50
   128 :     65    154     64
   129 :     53    178     52
   130 :     63    179     62
   131 :     72    138     71
   132 :      3    153     39
   133 :    152    210    167
   134 :    152    202    189
   135 :     96    239    182
   136 :     73    188     72
   137 :    157    219     29
   138 :     38    223    156
   139 :    163    190    122
   140 :    162    191    124
   141 :    125    192    162
   142 :     86    181     85
   143 :    186    219    157
   144 :    156    223    185
   145 :     65    189    154
   146 :    121    190    164
   147 :    123    191    163
   148 :     68    231     67
   149 :     84    186     83
   150 :     75    185     74
   151 :    123    163    122
   152 :    125    162    124
   153 :    121    164     11
   154 :      9    192    125
   155 :     67    210     66
   156 :      0    144     46
   157 :    200    207    155
   158 :     66    189     65
   159 :     10    177    149
   160 :    122    190    121
   161 :    124    191    123
   162 :    165    253    180
   163 :    214    220    157
   164 :    156    221    213
   165 :     82    193     81
   166 :     77    194     76
   167 :    155    201    200
   168 :    216    223    153
   169 :    202    203    154
   170 :    149    207    200
   171 :    114    145      9
   172 :     85    206     84
   173 :    226    249     11
   174 :    155    207     50
   175 :     10    184    177
   176 :     16    142     15
   177 :     12    140      0
   178 :     14    141     13
   179 :     15    195     14
   180 :     13    197     12
   181 :     17    196     16
   182 :     18    143     17
   183 :     30    157     29
   184 :     34    160     33
   185 :     35    199     34
   186 :     38    156     37
   187 :     32    159     31
   188 :     36    158     35
   189 :     33    198     32
   190 :    206    219    186
   191 :     81    209     80
   192 :     78    208     77
   193 :    187    207    149
   194 :    142    195     15
   195 :     12    197    140
   196 :     14    195    141
   197 :    141    197     13
   198 :     16    196    142
   199 :    143    196     17
   200 :    160    198     33
   201 :    158    199     35
   202 :     32    198    159
   203 :     34    199    160
   204 :    145    169      9
   205 :    174    229     60
   206 :     79    205     78
   207 :     10    149    120
   208 :     52    212     51
   209 :     64    211     63
   210 :     74    216     73
   211 :     80    204     79
   212 :    213    221    194
   213 :    193    220    214
   214 :    185    223    216
   215 :    160    204    198
   216 :    120    200    119
   217 :     84    206    186
   218 :    119    201    118
   219 :     40    152      3
   220 :     43    151     42
   221 :     45    146     44
   222 :    116    147    115
   223 :    118    150    117
   224 :     42    203     41
   225 :     41    202     40
   226 :     83    220     82
   227 :     76    221     75
   228 :    193    214    159
   229 :    158    213    194
   230 :    199    205    160
   231 :     66    210    189
   232 :     30    214    157
   233 :     36    213    158
   234 :    156    213     37
   235 :    159    214     31
   236 :    160    205    204
   237 :    177    187    149
   238 :    164    226     11
   239 :    158    208    199
   240 :    198    209    159
   241 :     29    219     28
   242 :     39    223     38
   243 :    210    231    167
   244 :    204    209    198
   245 :    188    252    138
   246 :     51    212    155
   247 :    154    211     64
   248 :    199    208    205
   249 :    152    167      3
   250 :    205    208     78
   251 :     80    209    204
   252 :     31    214     30
   253 :     37    213     36
   254 :    204    205     79
   255 :    140    165      0
   256 :     62    228     61
   257 :     54    227     53
   258 :    185    216     74
   259 :    200    201    119
   260 :    149    200    120
   261 :    118    201    150
   262 :    151    203     42
   263 :     40    202    152
   264 :     41    203    202
   265 :    180    253    135
   266 :     82    220    193
   267 :    194    221     76
   268 :     19    222      1
   269 :     27    170     26
   270 :    117    224    116
   271 :     44    225     43
   272 :    108    240    107
   273 :     26    215     25
   274 :     25    172     24
   275 :     24    217     23
   276 :     43    225    151
   277 :    116    224    147
   278 :    150    224    117
   279 :    146    225     44
   280 :     23    171     22
   281 :    153    223     39
   282 :      8    139    113
   283 :     28    219    148
   284 :    237    249    101
   285 :    113    218    112
   286 :     67    231    210
   287 :     45    232    146
   288 :    147    233    115
   289 :     55    248    175
   290 :     53    227    178
   291 :    179    228     62
   292 :    114    233    145
   293 :    144    232     46
   294 :      2    235     27
   295 :     46    232     45
   296 :    115    233    114
   297 :    145    230    169
   298 :     60    229     59
   299 :    182    239     20
   300 :    161    249    226
   301 :    240    242    107
   302 :    183    259     98
   303 :    170    215     26
   304 :     70    234     69
   305 :     25    215    172
   306 :    172    217     24
   307 :     23    217    171
   308 :    139    218    113
   309 :    135    260    180
   310 :     20    239     19
   311 :    192    254    140
   312 :    109    238    108
   313 :      1    245     18
   314 :     58    260    135
   315 :    148    255      2
   316 :     69    166      6
   317 :    233    248    145
   318 :     27    235    170
   319 :    177    250    136
   320 :    126    236     10
   321 :    140    254    165
   322 :      5    251     68
   323 :     71    251      5
   324 :     11    237    134
   325 :      7    256     87
   326 :     47    257      4
   327 :    238    240    108
   328 :      3    252    153
   329 :    110    236    109
   330 :    127    238    126
   331 :    167    252      3
   332 :    100    249    161
   333 :    175    248    233
   334 :    128    240    127
   335 :    134    241    133
   336 :    229    260     59
   337 :      1    259    245
   338 :    126    238    236
   339 :    181    255    148
   340 :     69    234    166
   341 :    129    242    128
   342 :    133    243    132
   343 :    132    246    131
   344 :    130    244    129
   345 :    237    241    134
   346 :    131    247    130
   347 :    127    240    238
   348 :     18    245    143
   349 :     19    239    222
   350 :    112    256      7
   351 :    241    243    133
   352 :    128    242    240
   353 :    236    238    109
   354 :      4    257     70
   355 :    243    246    132
   356 :    129    244    242
   357 :     87    256    137
   358 :    136    257     47
   359 :    246    247    131
   360 :    130    247    244
   361 :    166    250    184
   362 :     88    261    168
   363 :     68    251    231
   364 :    184    250    177
   365 :     91    262     90
   366 :    145    248    230
   367 :    153    252    188
   368 :    245    259    183
   369 :     90    258     89
   370 :    137    256    218
   371 :     89    261     88
   372 :     11    249    237
   373 :    234    257    136
   374 :    231    251    138
   375 :    138    251     71
   376 :    136    250    234
   377 :    140    263    192
   378 :    162    263    197
   379 :    192    263    162
   380 :     59    260     58
   381 :    197    263    140
   382 :     90    262    258
   383 :    218    256    112
   384 :    222    259      1
   385 :     70    257    234
   386 :    234    250    166
   387 :    170    262    215
   388 :    258    262    170
   389 :    235    258    170
   390 :    168    261    235
   391 :    253    254    169
   392 :    165    254    253
   393 :    235    261    258
   394 :    258    261     89
Number of domains 12
  Domain :      0 
  Name : Entity 8 
  Number of elements :      8
     0     1     2     3     4     5     6     7
  Domain :      1 
  Name : Entity 9 
  Number of elements :     10
     8     9    10    11    12    13    14    15    16    17
  Domain :      2 
  Name : Entity 10 
  Number of elements :     13
    18    19    20    21    22    23    24    25    26    27
    28    29    30
  Domain :      3 
  Name : Entity 11 
  Number of elements :      8
    31    32    33    34    35    36    37    38
  Domain :      4 
  Name : Entity 12 
  Number of elements :     23
    39    40    41    42    43    44    45    46    47    48
    49    50    51    52    53    54    55    56    57    58
    59    60    61
  Domain :      5 
  Name : Entity 13 
  Number of elements :      3
    62    63    64
  Domain :      6 
  Name : Entity 14 
  Number of elements :     18
    65    66    67    68    69    70    71    72    73    74
    75    76    77    78    79    80    81    82
  Domain :      7 
  Name : Entity 15 
  Number of elements :     25
    83    84    85    86    87    88    89    90    91    92
    93    94    95    96    97    98    99   100   101   102
   103   104   105   106   107
  Domain :      8 
  Name : Entity 16 
  Number of elements :      3
   108   109   110
  Domain :      9 
  Name : Entity 17 
  Number of elements :      8
   111   112   113   114   115   116   117   118
  Domain :     10 
  Name : Entity 18 
  Number of elements :      6
   119   120   121   122   123   124
  Domain :     11 
  Name : Entity 19 
  Number of elements :     10
   125   126   127   128   129   130   131   132   133   134
